,TestSet,Mitigation,ERR^LC,ERR^LC std,ERR^LF,ERR^LF std,ERR^LT,ERR^LT std,ERR,ERR std,CIC,CIC std
0,NOAUG,STD,34.05,0.2157,33.35,0.2386,15.3,0.121,27.5667,0.5754,12.2667,0.1515
1,NOAUG,MIT,31.25,0.2166,29.125,0.1649,15.4375,0.0462,25.2708,0.4277,9.8333,0.1272
2,ADV=0.0005,STD,46.6,0.3504,47.25,0.2983,23.95,0.2057,39.2667,0.8545,15.3167,0.2163
3,ADV=0.0005,MIT,39.5,0.2441,30.6875,0.2082,15.6875,0.0453,28.625,0.4976,12.9375,0.1508
4,ADV=0.001,STD,55.35,0.3115,56.5,0.2992,30.85,0.1745,47.5667,0.7853,16.7167,0.2036
5,ADV=0.001,MIT,46.375,0.2398,32.0,0.2849,16.0,0.0618,31.4583,0.5866,15.4583,0.1749
6,ADV=0.005,STD,79.75,0.2154,80.4,0.1241,62.65,0.15,74.2667,0.4896,11.6167,0.1132
7,ADV=0.005,MIT,71.8125,0.267,34.6875,0.4495,18.375,0.0611,41.625,0.7776,23.25,0.2388
8,AUG=0.01,STD,40.7,0.2023,39.55,0.4426,31.5,0.3046,37.25,0.9495,5.75,0.215
9,AUG=0.01,MIT,36.5,0.7194,38.125,0.8974,30.8125,0.1814,35.1458,1.7982,4.3333,0.5389
10,AUG=0.05,STD,46.45,0.9797,47.4,0.9332,44.9,1.1291,46.25,3.042,1.35,0.6376
11,AUG=0.05,MIT,46.375,0.978,43.9375,3.8162,44.25,0.5362,44.8542,5.3304,0.9167,0.5047
12,AUG=0.1,STD,48.9,2.1845,48.7,2.4943,49.2,2.3775,48.9333,7.0563,0.2333,1.5207
13,AUG=0.1,MIT,48.125,1.7492,48.5625,5.2026,48.0625,0.8873,48.25,7.8391,0.1875,2.3173
14,"AUG=0.01, ADV=0.0005",STD,58.65,0.235,59.7,0.3631,49.55,0.1927,55.9667,0.7909,6.4167,0.1994
15,"AUG=0.01, ADV=0.0005",MIT,50.25,0.6127,39.0625,0.9881,30.3571,0.1006,39.8899,1.7014,9.5327,0.5336
16,"AUG=0.01, ADV=0.001",STD,69.9,0.2065,73.1,0.2284,60.4,0.2287,67.8,0.6636,7.4,0.145
17,"AUG=0.01, ADV=0.001",MIT,58.3571,0.7323,41.3571,0.9298,33.3571,0.1383,44.3571,1.8004,11.0,0.554
18,"AUG=0.01, ADV=0.005",STD,89.65,0.0926,91.35,0.0741,87.15,0.0901,89.3833,0.2569,2.2333,0.0556
19,"AUG=0.01, ADV=0.005",MIT,83.3571,0.324,42.6429,0.8588,36.2143,0.292,54.0714,1.4748,17.8571,0.3943
20,"AUG=0.05, ADV=0.0005",STD,57.2,0.9415,58.0,0.8114,54.3,0.9659,56.5,2.7188,2.2,0.5843
21,"AUG=0.05, ADV=0.0005",MIT,56.4286,1.0083,46.9286,4.6558,44.5714,1.2424,49.3095,6.9065,4.7381,1.888
22,"AUG=0.05, ADV=0.001",STD,67.0,0.9587,65.7,1.0755,64.15,1.0396,65.6167,3.0738,1.4667,0.6781
23,"AUG=0.05, ADV=0.001",MIT,61.5714,0.7112,50.0,3.896,47.7143,1.0263,53.0952,5.6336,5.381,1.5357
24,"AUG=0.05, ADV=0.005",STD,75.35,1.013,74.25,1.1119,75.5,1.4813,75.0333,3.6063,0.7833,0.8314
25,"AUG=0.05, ADV=0.005",MIT,72.3571,1.2412,53.3571,2.9026,47.8571,1.2823,57.8571,5.4261,10.0,1.3813
26,"AUG=0.1, ADV=0.0005",STD,55.6,2.5802,56.55,2.0727,55.7,2.2713,55.95,6.9242,0.35,1.448
27,"AUG=0.1, ADV=0.0005",MIT,55.7143,1.9344,52.7143,6.6901,48.5,1.9399,52.3095,10.5644,3.8095,2.8748
28,"AUG=0.1, ADV=0.001",STD,63.4,2.508,63.55,1.8767,62.7,2.3309,63.2167,6.7155,0.5167,1.4616
29,"AUG=0.1, ADV=0.001",MIT,61.1429,1.2192,52.0714,6.2361,49.9286,1.5872,54.381,9.0426,4.4524,2.4851
30,"AUG=0.1, ADV=0.005",STD,68.6,2.3138,69.15,1.9046,67.15,2.3008,68.3,6.5192,1.15,1.4061
31,"AUG=0.1, ADV=0.005",MIT,63.1429,2.0812,54.2857,4.1738,51.0714,2.178,56.1667,8.433,5.0952,2.085
