,TestSet,Mitigation,ERR^CI,ERR^CI std,ERR^CJ,ERR^CJ std,ERR^CS,ERR^CS std,ERR,ERR std,CIC,CIC std
0,NOAUG,STD,28.7,0.041,22.4,0.0134,43.8,0.315,31.6333,0.3694,9.2333,0.1187
1,AUG=0.01,STD,36.6,0.0392,32.5,0.0692,48.7,0.163,39.2667,0.2714,6.7667,0.0674
2,AUG=0.05,STD,48.4,1.225,44.1,0.84,50.2,0.754,47.5667,2.819,3.4667,0.6597
3,AUG=0.1,STD,47.7,1.6098,48.6,2.0774,50.0,1.6088,48.7667,5.296,1.0667,1.2287
4,ADV=0.0005,STD,44.4,0.0972,36.0,0.082,66.8,0.1266,49.0667,0.3058,13.0667,0.0746
5,ADV=0.0005,MIT g=0.005 and tau=0.1,28.25,0.0081,19.5,0.0813,40.0,0.2163,29.25,0.3056,9.75,0.0748
6,ADV=0.0005,MIT g=0.005 and tau=0.3,28.25,0.0081,19.5,0.0813,40.0,0.2163,29.25,0.3056,9.75,0.0748
7,ADV=0.0005,MIT g=0.005 and tau=0.5,28.25,0.0081,19.5,0.0813,40.0,0.2163,29.25,0.3056,9.75,0.0748
8,ADV=0.001,STD,59.4,0.0944,48.1,0.0954,80.3,0.0576,62.6,0.2474,14.5,0.0507
9,ADV=0.001,MIT g=0.005 and tau=0.1,38.5,0.025,20.75,0.0706,42.5,0.2125,33.9167,0.3081,13.1667,0.0792
10,ADV=0.001,MIT g=0.005 and tau=0.3,38.5,0.025,20.75,0.0706,42.5,0.2125,33.9167,0.3081,13.1667,0.0792
11,ADV=0.001,MIT g=0.005 and tau=0.5,38.5,0.025,20.75,0.0706,42.5,0.2125,33.9167,0.3081,13.1667,0.0792
12,ADV=0.005,STD,86.2,0.037,81.8,0.0486,97.4,0.01,88.4667,0.0956,6.6667,0.0157
13,ADV=0.005,MIT g=0.005 and tau=0.1,74.5,0.04,26.0,0.1812,53.25,0.2706,51.25,0.4919,25.25,0.1035
14,ADV=0.005,MIT g=0.005 and tau=0.3,74.5,0.04,26.0,0.1812,53.25,0.2706,51.25,0.4919,25.25,0.1035
15,ADV=0.005,MIT g=0.100 and tau=0.5,73.25,0.0556,31.75,0.0231,51.75,0.1656,52.25,0.2444,20.5,0.0737
16,"AUG=0.01, ADV=0.0005",STD,53.7,0.158,46.8,0.082,69.4,0.0932,56.6333,0.3332,9.8333,0.0837
17,"AUG=0.01, ADV=0.001",STD,70.4,0.1192,59.1,0.0894,82.1,0.022,70.5333,0.2306,11.4333,0.0471
18,"AUG=0.01, ADV=0.005",STD,91.0,0.0582,84.6,0.0234,96.4,0.0134,90.6667,0.095,6.0667,0.0239
19,"AUG=0.05, ADV=0.0005",STD,68.0,0.391,64.9,0.5012,73.4,0.3124,68.7667,1.2046,3.8667,0.2345
20,"AUG=0.05, ADV=0.001",STD,71.4,0.432,70.9,0.7484,78.3,0.495,73.5333,1.6754,2.6333,0.309
21,"AUG=0.05, ADV=0.005",STD,81.8,0.5148,80.2,0.396,82.8,0.3356,81.6,1.2464,1.4,0.2835
22,"AUG=0.1, ADV=0.0005",STD,71.2,0.6836,66.5,1.0502,71.4,0.733,69.7,2.4668,3.2,0.4722
23,"AUG=0.1, ADV=0.001",STD,71.9,1.242,67.6,0.6532,74.2,0.986,71.2333,2.8812,3.6333,0.7427
24,"AUG=0.1, ADV=0.005",STD,77.1,0.5742,72.9,0.8644,77.2,0.5466,75.7333,1.9852,2.8333,0.3736
