,TestSet,Mitigation,ERR^LC,ERR^LC std,ERR^LF,ERR^LF std,ERR^LT,ERR^LT std,ERR,ERR std,CIC,CIC std
0,NOAUG,STD,18.3,0.0826,22.45,0.0961,34.65,0.3315,25.1333,0.5103,6.8333,0.1426
1,NOAUG,MIT,15.0,0.0233,28.1667,0.1006,31.5,0.4128,24.8889,0.5367,9.8889,0.1711
2,ADV=0.0005,STD,28.2,0.107,33.6,0.1105,46.95,0.3241,36.25,0.5416,8.05,0.1449
3,ADV=0.0005,MIT,20.8333,0.0556,37.3333,0.0439,36.6667,0.5656,31.6111,0.665,10.7778,0.2031
4,ADV=0.001,STD,37.45,0.1507,42.2,0.0812,57.65,0.2726,45.7667,0.5046,8.3167,0.118
5,ADV=0.001,MIT,27.5,0.0111,43.1667,0.0272,42.6667,0.5722,37.7778,0.6106,10.2778,0.1998
6,ADV=0.005,STD,66.35,0.133,65.85,0.0695,83.3,0.1143,71.8333,0.3169,5.9833,0.0825
7,ADV=0.005,MIT,59.3333,0.0622,57.6667,0.1056,54.6667,0.5128,57.2222,0.6806,2.5556,0.0559
8,AUG=0.01,STD,30.55,0.0977,35.95,0.2491,40.05,0.2882,35.5167,0.6351,4.9667,0.1791
9,AUG=0.01,MIT,25.0,0.0378,43.3333,1.6811,37.1667,0.2356,35.1667,1.9544,10.1667,0.6389
10,AUG=0.05,STD,43.1,1.3554,47.8,1.7543,48.6,1.6267,46.5,4.7364,3.4,1.127
11,AUG=0.05,MIT,41.3333,0.3489,45.8333,7.1039,46.0,0.3311,44.3889,7.7839,3.0556,2.4783
12,AUG=0.1,STD,46.15,2.528,50.05,2.7601,48.9,2.2186,48.3667,7.5068,2.2167,1.6596
13,AUG=0.1,MIT,47.6667,0.1556,48.1667,9.7572,48.1667,0.1022,48.0,10.015,0.3333,3.2865
14,"AUG=0.01, ADV=0.0005",STD,51.1,0.173,60.25,0.1364,59.55,0.2701,56.9667,0.5796,5.8667,0.1355
15,"AUG=0.01, ADV=0.0005",MIT,46.0,0.0578,47.8333,1.2639,50.6667,0.4556,48.1667,1.7772,2.1667,0.5731
16,"AUG=0.01, ADV=0.001",STD,62.35,0.2575,69.15,0.1591,71.35,0.148,67.6167,0.5647,5.2667,0.1024
17,"AUG=0.01, ADV=0.001",MIT,56.0,0.1578,53.6667,1.2639,53.5,0.3844,54.3889,1.8061,0.8889,0.4739
18,"AUG=0.01, ADV=0.005",STD,86.6,0.0615,88.35,0.0411,91.6,0.0394,88.85,0.142,2.25,0.0268
19,"AUG=0.01, ADV=0.005",MIT,82.6667,0.1022,65.3333,0.9456,65.3333,0.2828,71.1111,1.3306,5.7778,0.1283
20,"AUG=0.05, ADV=0.0005",STD,58.65,1.263,62.9,0.9645,63.9,1.0214,61.8167,3.249,3.1667,0.662
21,"AUG=0.05, ADV=0.0005",MIT,55.8333,1.2839,53.0,6.9194,52.6667,0.6961,53.8333,8.8994,1.1667,2.7344
22,"AUG=0.05, ADV=0.001",STD,68.7,0.837,70.0,0.8767,70.35,0.9106,69.6833,2.6244,0.9833,0.5958
23,"AUG=0.05, ADV=0.001",MIT,61.6667,2.3556,51.6667,7.0856,60.3333,0.3589,57.8889,9.8,6.2222,0.9048
24,"AUG=0.05, ADV=0.005",STD,77.9,0.9437,78.1,0.8607,78.95,1.0071,78.3167,2.8115,0.4167,0.6226
25,"AUG=0.05, ADV=0.005",MIT,72.5,1.2333,57.3333,5.1489,62.5,2.3994,64.1111,8.7817,6.7778,1.2109
26,"AUG=0.1, ADV=0.0005",STD,61.5,1.688,62.25,1.6098,62.1,1.8422,61.95,5.1401,0.45,1.1507
27,"AUG=0.1, ADV=0.0005",MIT,59.0,2.0011,50.3333,9.0889,53.5,0.2178,54.2778,11.3078,3.9444,0.7396
28,"AUG=0.1, ADV=0.001",STD,65.8,1.5221,67.35,1.5841,67.85,1.3981,67.0,4.5043,1.2,0.9941
29,"AUG=0.1, ADV=0.001",MIT,61.0,2.2111,51.0,9.5178,54.1667,0.1806,55.3889,11.9094,4.3889,0.7972
30,"AUG=0.1, ADV=0.005",STD,71.95,1.4501,73.05,1.4142,71.4,1.6819,72.1333,4.5462,0.7333,0.9548
31,"AUG=0.1, ADV=0.005",MIT,63.1667,1.7922,56.5,6.6083,52.3333,2.7222,57.3333,11.1228,5.0,2.8002
