,TestSet,Mitigation,ERR^CI,ERR^CI std,ERR^CJ,ERR^CJ std,ERR^CS,ERR^CS std,ERR,ERR std,CIC,CIC std
0,NOAUG,STD,33.7778,0.1875,32.5556,0.1045,39.2222,0.0964,35.1852,0.3885,2.6296,0.0947
1,NOAUG,MIT gamma=0.19,28.75,0.1319,20.5,0.12,31.625,0.0798,26.9583,0.3317,6.4583,0.0706
2,ADV=0.0005,STD,56.1667,0.267,52.6667,0.2512,64.9444,0.0845,57.9259,0.6027,5.2593,0.1172
3,ADV=0.0005,MIT gamma=0.19,39.75,0.1206,25.75,0.1222,46.375,0.0655,37.2917,0.3083,11.5417,0.062
4,ADV=0.001,STD,70.9444,0.1788,67.1667,0.2899,80.2222,0.0681,72.7778,0.5368,5.6111,0.0823
5,ADV=0.001,MIT gamma=0.19,49.0,0.0684,30.0,0.08,59.25,0.0844,46.0833,0.2328,16.0833,0.0509
6,ADV=0.005,STD,95.3889,0.0393,93.5,0.0549,97.1667,0.0133,95.3519,0.1076,1.8519,0.0176
7,ADV=0.005,MIT gamma=0.19,83.25,0.0947,47.25,0.1981,81.5,0.075,70.6667,0.3678,23.4167,0.0566
8,AUG=0.01,STD,41.2222,0.2736,39.5,0.169,44.4444,0.1527,41.7222,0.5953,2.2222,0.1421
9,AUG=0.01,MIT gamma=0.19,35.5,0.0734,28.75,0.2106,42.5,0.105,35.5833,0.3891,6.8333,0.0595
10,AUG=0.05,STD,47.4444,0.8808,47.1667,1.1835,48.0,1.1209,47.537,3.1851,0.3704,0.6672
11,AUG=0.05,MIT gamma=0.19,46.125,0.2598,42.25,0.1222,46.875,0.6986,45.0833,1.0806,2.8333,0.3195
12,AUG=0.1,STD,49.0,1.1589,49.3333,1.1814,50.6111,1.6399,49.6481,3.9802,0.6481,0.9405
13,AUG=0.1,MIT gamma=0.19,49.0,0.5488,46.375,0.0567,46.75,0.9122,47.375,1.5177,1.0,0.487
14,"AUG=0.01, ADV=0.0005",STD,66.7222,0.2131,58.2778,0.249,68.4444,0.1917,64.4815,0.6538,6.2037,0.1349
15,"AUG=0.01, ADV=0.0005",MIT gamma=0.19,53.5,0.1138,35.625,0.3117,54.5,0.11,47.875,0.5355,12.25,0.0746
16,"AUG=0.01, ADV=0.001",STD,77.6667,0.1457,70.6111,0.2436,83.9444,0.0754,77.4074,0.4647,6.7963,0.0737
17,"AUG=0.01, ADV=0.001",MIT gamma=0.19,60.875,0.043,42.625,0.3142,70.25,0.0819,57.9167,0.4391,15.2917,0.0416
18,"AUG=0.01, ADV=0.005",STD,96.7778,0.0309,92.8333,0.0527,97.3333,0.0092,95.6481,0.0928,2.8148,0.0134
19,"AUG=0.01, ADV=0.005",MIT gamma=0.19,89.25,0.0531,60.75,0.4534,83.625,0.0355,77.875,0.542,17.125,0.0295
20,"AUG=0.05, ADV=0.0005",STD,71.6111,0.3478,70.8889,0.3684,74.6111,0.4038,72.3704,1.12,1.4815,0.2505
21,"AUG=0.05, ADV=0.0005",MIT gamma=0.19,55.0,0.5647,50.25,0.0547,57.875,0.6255,54.375,1.2448,4.125,0.3967
22,"AUG=0.05, ADV=0.001",STD,77.9444,0.5585,77.6111,0.7078,79.1667,0.7279,78.2407,1.9942,0.6296,0.4288
23,"AUG=0.05, ADV=0.001",MIT gamma=0.19,63.375,0.9323,57.125,0.9255,69.375,0.5205,63.2917,2.3783,6.1667,0.4843
24,"AUG=0.05, ADV=0.005",STD,79.2778,1.1315,78.1111,1.2023,78.8333,1.076,78.7407,3.4099,0.6296,0.7359
25,"AUG=0.05, ADV=0.005",MIT gamma=0.19,80.75,0.4309,62.25,0.1969,70.25,0.5356,71.0833,1.1634,8.8333,0.3222
26,"AUG=0.1, ADV=0.0005",STD,75.9444,0.2727,72.7778,0.3364,74.4444,0.5301,74.3889,1.1392,1.6111,0.2676
27,"AUG=0.1, ADV=0.0005",MIT gamma=0.19,50.0,0.9434,49.75,0.1431,54.0,1.9622,51.25,3.0488,1.5,0.9685
28,"AUG=0.1, ADV=0.001",STD,76.2222,0.6798,74.3333,0.6622,75.2778,0.7159,75.2778,2.0578,0.9444,0.4652
29,"AUG=0.1, ADV=0.001",MIT gamma=0.19,62.375,1.188,54.75,0.7097,64.5,1.5109,60.5417,3.4086,5.7917,0.8996
30,"AUG=0.1, ADV=0.005",STD,72.8333,1.7488,70.7222,1.9999,73.1111,1.601,72.2222,5.3497,1.5,1.1166
31,"AUG=0.1, ADV=0.005",MIT gamma=0.19,76.75,0.7944,60.5,0.1259,64.625,1.1555,67.2917,2.0758,6.7917,0.6499
