,TS,ERR^LC,ERR^LC std,ERR^LF,ERR^LF std,ERR^LT,ERR^LT std,ERR,ERR std,W_ERR,W_ERR std,CIC,CIC std
0,NOAUG,30.1,2.0724,28.3,1.9702,8.95,0.7762,22.45,4.8188,10.7909,4.8188,13.5,1.3475
1,"AUG, g=0.0001",29.5,2.345,24.3889,1.6494,9.8889,1.0643,21.2593,5.0587,11.4394,5.0587,11.3704,1.3315
2,"AUG, g=0.00019952623149688788",26.3333,2.3734,24.3333,2.6342,9.1667,1.7123,19.9444,6.7199,10.6364,6.7199,10.7778,1.6692
3,"AUG, g=0.00039810717055349735",28.0714,1.7472,24.7857,1.0148,10.3571,1.6511,21.0714,4.413,11.8182,4.413,10.7143,0.9206
4,"AUG, g=0.0007943282347242813",23.5,4.9497,31.75,6.5407,13.0,0.7071,22.75,12.1976,14.3295,12.1976,9.75,3.8302
5,"AUG, g=0.001584893192461114",29.0,3.3028,26.0,3.1349,7.5,2.3893,20.8333,8.827,9.3182,8.827,13.3333,2.1459
6,"AUG, g=0.0031622776601683794",29.3571,2.4726,24.6429,3.1511,10.8571,1.2271,21.619,6.8507,12.3247,6.8507,10.7619,1.8746
7,"AUG, g=0.00630957344480193",26.0,2.0614,25.2143,1.9092,10.5,1.1856,20.5714,5.1562,11.8734,5.1562,10.0714,1.3235
8,"AUG, g=0.012589254117941675",25.8333,2.3715,25.5833,1.7598,11.9167,1.2258,21.1111,5.3571,13.1705,5.3571,9.1944,1.3771
9,"AUG, g=0.025118864315095794",28.7778,2.3181,28.1111,1.8386,11.5,0.9751,22.7963,5.1319,13.0404,5.1319,11.2963,1.3856
10,"AUG, g=0.0501187233627272",28.5,3.6836,22.5,3.3764,9.6667,2.7183,20.2222,9.7783,11.1061,9.7783,10.5556,2.3533
11,"AUG, g=0.1",29.6875,1.7896,29.125,1.7915,11.4375,1.0356,23.4167,4.6166,13.071,4.6166,11.9792,1.1937
12,"ADV, CLSDIV=0, eps=0.0001",31.4,4.8463,32.8,3.3763,18.3,3.0302,27.5,11.2528,19.5545,11.2528,9.2,2.7409
13,"ADV, CLSDIV=0, eps=0.000630957344480193",35.8333,5.973,27.0,6.4703,16.6667,2.2225,26.5,14.6658,18.0076,14.6658,9.8333,4.1478
14,"ADV, CLSDIV=0, eps=0.003981071705534973",37.5,12.4205,38.8333,10.7318,20.6667,5.9004,32.3333,29.0527,22.2576,29.0527,11.6667,7.7174
15,"ADV, CLSDIV=0, eps=0.025118864315095822",35.5,5.642,37.0,3.1388,17.3333,3.5399,29.9444,12.3206,19.053,12.3206,12.6111,2.9269
16,"ADV, CLSDIV=0, eps=0.15848931924611143",50.3333,4.1187,47.3333,2.1602,37.1667,5.5003,44.9444,11.7793,38.2273,11.7793,7.7778,2.093
17,"ADV, CLSDIV=0, eps=1.0",49.1667,9.9056,47.3333,10.078,37.6667,9.8216,44.7222,29.8052,38.6288,29.8052,7.0556,6.6612
18,"ADV, CLSDIV=1, eps=0.0001",36.125,7.0757,34.875,12.0588,17.125,3.3474,29.375,22.482,18.7955,22.482,12.25,6.3782
19,"ADV, CLSDIV=1, eps=0.000630957344480193",28.8333,3.454,28.8333,4.1327,16.3333,1.3413,24.6667,8.9281,17.4697,8.9281,8.3333,2.5289
20,"ADV, CLSDIV=1, eps=0.003981071705534973",33.1667,1.3984,31.6667,1.1283,16.8333,3.9906,27.2222,6.5173,18.25,6.5173,10.3889,0.8422
21,"ADV, CLSDIV=1, eps=0.025118864315095822",38.8333,6.1524,34.5,4.7909,25.5,7.6784,32.9444,18.6217,26.5152,18.6217,7.4444,3.6478
22,"ADV, CLSDIV=1, eps=0.15848931924611143",45.8333,6.1287,46.8333,3.5466,49.5,14.4473,47.3889,24.1226,49.2121,24.1226,1.5556,5.998
23,"ADV, CLSDIV=1, eps=1.0",42.6667,7.815,47.0,13.5516,47.8333,22.4297,45.8333,43.7963,47.5606,43.7963,3.1667,11.9938
24,"TOTAUG, CLSDIV=0, g=0.0001, eps=0.0001",-100.0,0.0,-100.0,0.0,-100.0,0.0,-100.0,0.0,-100.0,0.0,0.0,0.0
25,"TOTAUG, CLSDIV=0, g=0.0001, eps=0.0031622776601683794",-100.0,0.0,-100.0,0.0,-100.0,0.0,-100.0,0.0,-100.0,0.0,0.0,0.0
26,"TOTAUG, CLSDIV=0, g=0.0001, eps=0.1",-100.0,0.0,-100.0,0.0,-100.0,0.0,-100.0,0.0,-100.0,0.0,0.0,0.0
27,"TOTAUG, CLSDIV=0, g=0.0031622776601683794, eps=0.0001",-100.0,0.0,-100.0,0.0,-100.0,0.0,-100.0,0.0,-100.0,0.0,0.0,0.0
28,"TOTAUG, CLSDIV=0, g=0.0031622776601683794, eps=0.0031622776601683794",-100.0,0.0,-100.0,0.0,-100.0,0.0,-100.0,0.0,-100.0,0.0,0.0,0.0
29,"TOTAUG, CLSDIV=0, g=0.0031622776601683794, eps=0.1",-100.0,0.0,-100.0,0.0,-100.0,0.0,-100.0,0.0,-100.0,0.0,0.0,0.0
30,"TOTAUG, CLSDIV=0, g=0.1, eps=0.0001",-100.0,0.0,-100.0,0.0,-100.0,0.0,-100.0,0.0,-100.0,0.0,0.0,0.0
31,"TOTAUG, CLSDIV=0, g=0.1, eps=0.0031622776601683794",-100.0,0.0,-100.0,0.0,-100.0,0.0,-100.0,0.0,-100.0,0.0,0.0,0.0
32,"TOTAUG, CLSDIV=0, g=0.1, eps=0.1",-100.0,0.0,-100.0,0.0,-100.0,0.0,-100.0,0.0,-100.0,0.0,0.0,0.0
33,"TOTAUG, CLSDIV=1, g=0.0001, eps=0.0001",-100.0,0.0,-100.0,0.0,-100.0,0.0,-100.0,0.0,-100.0,0.0,0.0,0.0
34,"TOTAUG, CLSDIV=1, g=0.0001, eps=0.0031622776601683794",-100.0,0.0,-100.0,0.0,-100.0,0.0,-100.0,0.0,-100.0,0.0,0.0,0.0
35,"TOTAUG, CLSDIV=1, g=0.0001, eps=0.1",-100.0,0.0,-100.0,0.0,-100.0,0.0,-100.0,0.0,-100.0,0.0,0.0,0.0
36,"TOTAUG, CLSDIV=1, g=0.0031622776601683794, eps=0.0001",-100.0,0.0,-100.0,0.0,-100.0,0.0,-100.0,0.0,-100.0,0.0,0.0,0.0
37,"TOTAUG, CLSDIV=1, g=0.0031622776601683794, eps=0.0031622776601683794",-100.0,0.0,-100.0,0.0,-100.0,0.0,-100.0,0.0,-100.0,0.0,0.0,0.0
38,"TOTAUG, CLSDIV=1, g=0.0031622776601683794, eps=0.1",-100.0,0.0,-100.0,0.0,-100.0,0.0,-100.0,0.0,-100.0,0.0,0.0,0.0
39,"TOTAUG, CLSDIV=1, g=0.1, eps=0.0001",-100.0,0.0,-100.0,0.0,-100.0,0.0,-100.0,0.0,-100.0,0.0,0.0,0.0
40,"TOTAUG, CLSDIV=1, g=0.1, eps=0.0031622776601683794",-100.0,0.0,-100.0,0.0,-100.0,0.0,-100.0,0.0,-100.0,0.0,0.0,0.0
41,"TOTAUG, CLSDIV=1, g=0.1, eps=0.1",-100.0,0.0,-100.0,0.0,-100.0,0.0,-100.0,0.0,-100.0,0.0,0.0,0.0
