,TestSet,Mitigation,ERR^LC,ERR^LC std,ERR^LF,ERR^LF std,ERR^LT,ERR^LT std,ERR,ERR std,CIC,CIC std
0,NOAUG,STD,24.2,0.1715,20.4,0.1049,32.95,0.4797,25.85,0.7562,5.45,0.2171
1,NOAUG,MIT g=0.100,25.625,0.0717,15.375,0.0061,23.875,0.1186,21.625,0.1964,6.25,0.0634
2,AUG=0.01,STD,31.9,0.167,33.45,0.5447,38.15,0.2876,34.5,0.9994,2.6,0.2775
3,AUG=0.01,MIT g=0.002,33.25,0.0669,31.0,0.1562,31.5,0.0412,31.9167,0.2644,0.9167,0.036
4,AUG=0.05,STD,43.1,1.5677,42.1,1.309,47.25,1.5821,44.15,4.4589,2.05,1.05
5,AUG=0.05,MIT g=0.010,42.9,1.0464,41.5,0.489,45.1,0.6824,43.1667,2.2178,1.6667,0.5763
6,AUG=0.1,STD,45.9,2.3001,46.15,2.298,48.1,1.7969,46.7167,6.3951,0.8167,1.365
7,AUG=0.1,MIT g=0.001,45.5625,1.5015,41.6875,1.5656,47.5625,0.9957,44.9375,4.0629,3.25,0.8324
8,ADV=0.0005,STD,34.8,0.2253,31.45,0.1176,44.45,0.5526,36.9,0.8955,5.45,0.2593
9,ADV=0.0005,MIT g=0.100,33.5,0.0584,18.5,0.0025,24.375,0.1486,25.4583,0.2095,6.9583,0.069
10,ADV=0.001,STD,43.95,0.3364,39.9,0.1539,53.35,0.536,45.7333,1.0264,5.8333,0.2908
11,ADV=0.001,MIT g=0.100,40.0,0.07,21.5,0.0075,25.0,0.1538,28.8333,0.2312,7.3333,0.0746
12,ADV=0.005,STD,70.35,0.3921,64.8,0.1367,81.45,0.3007,72.2,0.8296,7.4,0.231
13,ADV=0.005,MIT g=0.010,69.7,0.0426,26.2,0.0706,28.4,0.4714,41.4333,0.5846,15.2333,0.1713
14,"AUG=0.01, ADV=0.0005",STD,49.65,0.2431,53.1,0.7762,58.7,0.4141,53.8167,1.4334,4.1667,0.3968
15,"AUG=0.01, ADV=0.0005",MIT g=0.022,45.1667,0.1156,36.0,0.1083,33.1667,0.4022,38.1111,0.6261,4.9444,0.0746
16,"AUG=0.01, ADV=0.001",STD,62.7,0.1945,64.55,0.4309,69.45,0.4469,65.5667,1.0724,2.8667,0.2926
17,"AUG=0.01, ADV=0.001",MIT g=0.010,58.2,0.218,37.2,0.36,35.2,0.8576,43.5333,1.4356,8.3333,0.1927
18,"AUG=0.01, ADV=0.005",STD,86.95,0.0764,87.35,0.098,91.5,0.0877,88.6,0.2622,1.65,0.0619
19,"AUG=0.01, ADV=0.005",MIT g=0.010,80.0,0.281,47.9,0.5022,38.5,0.9072,55.4667,1.6904,16.9667,0.2611
20,"AUG=0.05, ADV=0.0005",STD,60.05,0.9166,62.4,1.4168,63.15,0.6335,61.8667,2.9669,1.8167,0.6834
21,"AUG=0.05, ADV=0.0005",MIT g=0.002,50.625,0.9398,44.0,0.9738,44.25,0.7009,46.2917,2.6145,2.2917,0.5469
22,"AUG=0.05, ADV=0.001",STD,66.4,0.8525,67.1,1.4676,70.0,0.9928,67.8333,3.313,1.4333,0.8201
23,"AUG=0.05, ADV=0.001",MIT g=0.003,55.75,0.0406,42.25,0.0606,41.75,0.8206,46.5833,0.9219,4.8333,0.0338
24,"AUG=0.05, ADV=0.005",STD,76.9,1.2237,78.7,1.2159,79.3,1.1521,78.3,3.5916,1.4,0.7893
25,"AUG=0.05, ADV=0.005",MIT g=0.001,71.9375,0.7089,45.9375,1.2998,47.8125,0.9657,55.2292,2.9744,9.2917,0.5582
26,"AUG=0.1, ADV=0.0005",STD,60.75,1.1861,59.15,1.6046,63.8,0.98,61.2333,3.7708,2.0833,0.722
27,"AUG=0.1, ADV=0.0005",MIT g=0.003,49.75,0.0406,44.75,0.2806,47.75,0.8781,47.4167,1.1994,2.6667,0.3062
28,"AUG=0.1, ADV=0.001",STD,67.75,1.6413,65.75,1.6929,67.85,0.974,67.1167,4.3083,1.3667,0.8718
29,"AUG=0.1, ADV=0.001",MIT g=0.003,53.0,0.0612,44.5,0.1325,44.25,1.6681,47.25,1.8619,3.0,0.0646
30,"AUG=0.1, ADV=0.005",STD,70.3,1.5031,75.0,1.4792,72.1,1.3382,72.4667,4.3206,2.1667,0.9392
31,"AUG=0.1, ADV=0.005",MIT g=0.001,64.125,0.7721,46.8125,1.4742,48.9375,2.3189,53.2917,4.5652,6.4792,1.0303
