,TestSet,Mitigation,ERR^LC,ERR^LC std,ERR^LF,ERR^LF std,ERR^LT,ERR^LT std,ERR,ERR std,CIC,CIC std
0,NOAUG,STD,24.1,0.1517,16.95,0.0996,27.0,0.2082,22.6833,0.4596,5.7333,0.12
1,AUG=0.01,STD,33.7,0.186,31.85,0.1713,35.2,0.4948,33.5833,0.8521,1.7333,0.2269
2,AUG=0.05,STD,42.4,0.6372,40.4,0.5608,45.5,0.5558,42.7667,1.7537,2.3667,0.3976
3,AUG=0.1,STD,43.55,0.8626,42.55,0.5834,47.9,0.77,44.6667,2.216,2.1167,0.5442
4,ADV=0.0005,STD,35.05,0.1816,28.1,0.1533,39.55,0.2171,34.2333,0.552,6.1333,0.1329
5,ADV=0.0005,MIT g=0.022 and tau=0.1,34.3333,0.1439,20.8333,0.0889,29.6667,0.0639,28.2778,0.2967,7.4444,0.0693
6,ADV=0.0005,MIT g=0.022 and tau=0.3,34.3333,0.1439,20.8333,0.0889,29.6667,0.0639,28.2778,0.2967,7.4444,0.0693
7,ADV=0.0005,MIT g=0.100 and tau=0.5,33.75,0.0972,25.0,0.0597,31.25,0.1384,30.0,0.2953,5.0,0.0785
8,ADV=0.001,STD,44.75,0.1189,36.2,0.1638,49.2,0.2365,43.3833,0.5193,7.1833,0.1185
9,ADV=0.001,MIT g=0.022 and tau=0.1,40.6667,0.1556,27.1667,0.0389,34.0,0.0933,33.9444,0.2878,6.7778,0.083
10,ADV=0.001,MIT g=0.022 and tau=0.3,40.6667,0.1556,27.1667,0.0389,34.0,0.0933,33.9444,0.2878,6.7778,0.083
11,ADV=0.001,MIT g=0.100 and tau=0.5,40.625,0.108,31.75,0.1234,37.375,0.2167,36.5833,0.4481,4.8333,0.1082
12,ADV=0.005,STD,73.1,0.077,63.25,0.1613,79.8,0.1646,72.05,0.4029,8.8,0.0805
13,ADV=0.005,MIT g=0.005 and tau=0.1,69.75,0.0281,48.0,0.065,50.75,0.0456,56.1667,0.1387,8.1667,0.0246
14,ADV=0.005,MIT g=0.022 and tau=0.3,67.6667,0.0622,50.5,0.0533,50.3333,0.0444,56.1667,0.16,5.8333,0.0385
15,ADV=0.005,MIT g=0.022 and tau=0.5,67.6667,0.0622,50.5,0.0533,50.3333,0.0444,56.1667,0.16,5.8333,0.0385
16,"AUG=0.01, ADV=0.0005",STD,51.05,0.2012,52.0,0.3262,55.95,0.5424,53.0,1.0698,1.95,0.2895
17,"AUG=0.01, ADV=0.001",STD,65.2,0.1035,65.2,0.168,67.25,0.3741,65.8833,0.6457,0.6833,0.1807
18,"AUG=0.01, ADV=0.005",STD,88.35,0.0385,88.25,0.0746,90.95,0.0701,89.1833,0.1833,0.9333,0.0362
19,"AUG=0.05, ADV=0.0005",STD,67.7,0.3239,63.8,0.4464,67.85,0.4291,66.45,1.1993,2.65,0.251
20,"AUG=0.05, ADV=0.001",STD,70.85,0.7205,69.6,0.8934,73.35,0.6121,71.2667,2.2261,1.6667,0.4442
21,"AUG=0.05, ADV=0.005",STD,83.4,0.473,82.45,0.6441,84.5,0.6298,83.45,1.7469,1.0,0.3676
22,"AUG=0.1, ADV=0.0005",STD,69.45,0.3109,67.75,0.3734,71.0,0.6869,69.4,1.3713,1.65,0.3326
23,"AUG=0.1, ADV=0.001",STD,67.85,0.736,69.65,0.6561,70.75,1.2233,69.4167,2.6155,1.5667,0.6265
24,"AUG=0.1, ADV=0.005",STD,78.65,0.856,80.15,1.0433,81.05,0.9601,79.95,2.8595,1.3,0.6678
