,TestSet,Mitigation,ERR^LC,ERR^LC std,ERR^LF,ERR^LF std,ERR^LT,ERR^LT std,ERR,ERR std,CIC,CIC std
0,NOAUG,STD,32.65,0.245,30.35,0.267,15.4,0.0495,26.1333,0.5616,10.7333,0.1707
1,AUG=0.01,STD,38.5,0.3259,37.2,0.4008,31.2,0.1136,35.6333,0.8403,4.4333,0.2422
2,AUG=0.05,STD,46.95,1.5532,47.2,1.5929,45.0,1.2093,46.3833,4.3554,1.3833,1.0487
3,AUG=0.1,STD,49.65,1.697,50.5,1.5622,45.95,1.6427,48.7,4.9019,2.75,1.0864
4,ADV=0.0005,STD,46.95,0.2526,43.75,0.3023,23.0,0.0974,37.9,0.6524,14.9,0.185
5,ADV=0.0005,MIT g=0.147 and tau=0.1,37.875,0.4323,38.625,0.2615,19.875,0.0448,32.125,0.7387,12.25,0.2313
6,ADV=0.0005,MIT g=0.022 and tau=0.3,39.8333,0.1822,36.6667,0.5789,21.8333,0.0244,32.7778,0.7856,10.9444,0.2537
7,ADV=0.0005,MIT g=0.022 and tau=0.5,39.8333,0.1822,36.6667,0.5789,21.8333,0.0244,32.7778,0.7856,10.9444,0.2537
8,ADV=0.001,STD,56.5,0.247,53.55,0.2986,30.65,0.091,46.9,0.6367,16.25,0.1819
9,ADV=0.001,MIT g=0.010 and tau=0.1,48.35,0.1846,41.25,0.4478,25.45,0.0556,38.35,0.6881,12.9,0.2108
10,ADV=0.001,MIT g=0.022 and tau=0.3,46.5,0.1428,42.3333,0.5778,27.1667,0.0428,38.6667,0.7633,11.5,0.2402
11,ADV=0.001,MIT g=0.022 and tau=0.5,46.5,0.1428,42.3333,0.5778,27.1667,0.0428,38.6667,0.7633,11.5,0.2402
12,ADV=0.005,STD,80.8,0.1416,78.1,0.2517,65.55,0.0546,74.8167,0.4479,9.2667,0.1311
13,ADV=0.005,MIT g=0.022 and tau=0.1,71.6667,0.0556,58.6667,0.6944,44.1667,0.0861,58.1667,0.8361,14.0,0.25
14,ADV=0.005,MIT g=0.010 and tau=0.3,73.4,0.218,57.75,0.5133,45.85,0.1315,59.0,0.8628,13.15,0.2438
15,ADV=0.005,MIT g=0.147 and tau=0.5,70.9375,0.339,61.3125,0.2739,49.9375,0.1365,60.7292,0.7494,10.7917,0.2043
16,"AUG=0.01, ADV=0.0005",STD,57.65,0.385,61.0,0.47,48.75,0.1078,55.8,0.9629,7.05,0.285
17,"AUG=0.01, ADV=0.001",STD,71.9,0.249,72.5,0.194,59.7,0.1751,68.0333,0.6181,8.3333,0.1477
18,"AUG=0.01, ADV=0.005",STD,91.35,0.0566,91.45,0.0407,87.7,0.0574,90.1667,0.1547,2.4667,0.0324
19,"AUG=0.05, ADV=0.0005",STD,58.6,1.2299,57.0,1.3616,54.65,0.8441,56.75,3.4356,2.1,0.8638
20,"AUG=0.05, ADV=0.001",STD,63.45,1.0191,65.3,1.1273,61.6,1.0218,63.45,3.1681,1.85,0.7155
21,"AUG=0.05, ADV=0.005",STD,76.2,1.0423,74.25,1.3681,73.15,1.3095,74.5333,3.72,1.3833,0.8035
22,"AUG=0.1, ADV=0.0005",STD,57.0,1.3312,54.95,1.4962,54.3,1.5205,55.4167,4.3479,1.1167,0.9425
23,"AUG=0.1, ADV=0.001",STD,59.7,1.6711,60.75,1.6129,61.4,1.9659,60.6167,5.2499,0.9167,1.1929
24,"AUG=0.1, ADV=0.005",STD,67.0,2.0156,66.25,1.9244,65.05,2.0901,66.1,6.0301,1.05,1.3133
