,TestSet,Mitigation,ERR^CI,ERR^CI std,ERR^CJ,ERR^CJ std,ERR^CS,ERR^CS std,ERR,ERR std,CIC,CIC std
0,NOAUG,STD,31.5,0.1159,30.4444,0.1979,37.2778,0.1636,33.0741,0.4774,2.6296,0.0932
1,NOAUG,MIT g=0.022,25.8333,0.0806,19.6667,0.1322,33.0,0.0328,26.1667,0.2456,6.5,0.0378
2,AUG=0.01,STD,40.3333,0.1683,38.8889,0.1855,43.5,0.1653,40.9074,0.5191,2.0185,0.1112
3,AUG=0.01,MIT g=0.032,36.3333,0.1006,28.8333,0.0756,38.8333,0.1322,34.6667,0.3083,5.8333,0.0776
4,AUG=0.05,STD,47.0556,1.9336,45.4444,1.7129,46.9444,1.9095,46.4815,5.556,1.037,1.281
5,AUG=0.05,MIT g=0.068,46.625,2.5323,45.0,0.435,47.5,0.2359,46.375,3.2033,1.375,0.9228
6,AUG=0.1,STD,49.1667,1.9514,48.7222,1.8514,49.0,1.8388,48.963,5.6417,0.2407,1.2634
7,AUG=0.1,MIT g=0.010,49.2,2.6726,48.2,0.0376,47.4,2.492,48.2667,5.2022,0.8667,0.9034
8,ADV=0.0005,STD,49.7778,0.1501,48.7222,0.3764,61.5556,0.2396,53.3519,0.766,4.6296,0.1299
9,ADV=0.0005,MIT g=0.001,38.1667,0.0886,26.5,0.2503,46.4167,0.0637,37.0278,0.4026,10.5278,0.0508
10,ADV=0.001,STD,64.9444,0.1586,62.1667,0.3527,75.5,0.1836,67.537,0.6949,5.3704,0.1141
11,ADV=0.001,MIT g=0.022,46.6667,0.1556,30.0,0.2433,57.6667,0.0344,44.7778,0.4333,14.7778,0.0633
12,ADV=0.005,STD,93.2778,0.0325,91.2778,0.0638,95.6111,0.0127,93.3889,0.109,2.1111,0.0151
13,ADV=0.005,MIT g=0.068,82.0,0.1934,48.0,0.2347,78.125,0.0542,69.375,0.4823,21.375,0.0826
14,"AUG=0.01, ADV=0.0005",STD,62.3889,0.1195,56.8889,0.2005,66.9444,0.2601,62.0741,0.5801,5.1852,0.1265
15,"AUG=0.01, ADV=0.0005",MIT g=0.022,48.0,0.1444,38.3333,0.3844,55.1667,0.0378,47.1667,0.5667,8.8333,0.0607
16,"AUG=0.01, ADV=0.001",STD,75.8889,0.1499,69.2778,0.1282,79.3889,0.1943,74.8519,0.4725,5.5741,0.1148
17,"AUG=0.01, ADV=0.001",MIT g=0.032,62.3333,0.0139,44.1667,0.1089,64.6667,0.0611,57.0556,0.1839,12.8889,0.025
18,"AUG=0.01, ADV=0.005",STD,94.7778,0.0304,91.4444,0.0546,96.3889,0.0402,94.2037,0.1252,2.7593,0.0236
19,"AUG=0.01, ADV=0.005",MIT g=0.015,89.1,0.142,59.8,0.1388,80.9,0.119,76.6,0.3998,16.8,0.087
20,"AUG=0.05, ADV=0.0005",STD,61.6111,1.3927,61.2222,1.3595,64.0556,1.396,62.2963,4.1481,1.0741,0.9295
21,"AUG=0.05, ADV=0.0005",MIT g=0.147,56.2,1.6546,50.55,0.9077,56.65,0.4021,54.4667,2.9645,3.9167,0.6856
22,"AUG=0.05, ADV=0.001",STD,66.0,1.992,65.5,2.1344,67.0556,2.5046,66.1852,6.631,0.6852,1.4988
23,"AUG=0.05, ADV=0.001",MIT g=0.147,60.1,1.0684,52.05,0.9581,62.1,0.498,58.0833,2.5245,6.0333,0.5221
24,"AUG=0.05, ADV=0.005",STD,78.5556,0.6278,76.1111,0.8649,77.1111,0.581,77.2593,2.0738,1.1481,0.403
25,"AUG=0.05, ADV=0.005",MIT g=0.001,74.4167,0.9487,60.3333,0.2276,64.25,0.8606,66.3333,2.0369,6.0,0.6031
26,"AUG=0.1, ADV=0.0005",STD,59.5,1.1109,60.7778,1.2034,63.3333,1.3267,61.2037,3.6409,1.7037,0.8434
27,"AUG=0.1, ADV=0.0005",MIT g=0.147,57.15,2.9816,50.15,1.1173,55.4,0.5857,54.2333,4.6847,4.0833,1.1891
28,"AUG=0.1, ADV=0.001",STD,61.3889,1.9319,61.9444,1.669,62.5,1.9457,61.9444,5.5466,0.5556,1.2049
29,"AUG=0.1, ADV=0.001",MIT g=0.010,56.2,2.1796,51.4,0.0284,59.6,1.276,55.7333,3.484,4.3333,1.1519
30,"AUG=0.1, ADV=0.005",STD,71.1667,1.0956,69.5,1.3811,71.1111,1.2308,70.5926,3.7075,1.0926,0.7755
31,"AUG=0.1, ADV=0.005",MIT g=0.068,62.625,1.5592,55.625,1.2348,55.875,0.0386,58.0417,2.8327,2.4167,0.5326
