,TestSet,Mitigation,ERR^CI,ERR^CI std,ERR^CJ,ERR^CJ std,ERR^CS,ERR^CS std,ERR,ERR std,CIC,CIC std
0,NOAUG,STD,34.5,0.3272,33.6667,0.2618,36.0556,0.1986,34.7407,0.7875,1.0741,0.1752
1,AUG=0.01,STD,42.0556,0.1727,40.4444,0.2128,43.4444,0.1962,41.9815,0.5817,1.537,0.1229
2,AUG=0.05,STD,47.2222,0.464,46.3889,0.7501,50.7222,0.4317,48.1111,1.6457,1.7222,0.2986
3,AUG=0.1,STD,48.6667,1.1901,48.7222,1.037,50.3889,1.121,49.2593,3.3481,0.5926,0.7193
4,ADV=0.0005,STD,54.3333,0.2931,53.0556,0.3477,60.5556,0.2867,55.9815,0.9275,2.9259,0.1933
5,ADV=0.0005,MIT g=0.007 and tau=0.1,43.5,0.2528,20.3333,0.0822,34.5,0.1194,32.7778,0.4544,12.4444,0.1241
6,ADV=0.0005,MIT g=0.068 and tau=0.3,37.25,0.5631,23.5,0.0362,39.0,0.09,33.25,0.6894,9.75,0.2177
7,ADV=0.0005,MIT g=0.068 and tau=0.5,37.25,0.5631,23.5,0.0362,39.0,0.09,33.25,0.6894,9.75,0.2177
8,ADV=0.001,STD,68.7222,0.3475,68.5,0.3238,74.5556,0.2373,70.5926,0.9087,2.0926,0.195
9,ADV=0.001,MIT g=0.068 and tau=0.1,44.5,0.6125,24.5,0.0362,42.5,0.1325,37.1667,0.7812,12.6667,0.2483
10,ADV=0.001,MIT g=0.068 and tau=0.3,44.5,0.6125,24.5,0.0362,42.5,0.1325,37.1667,0.7812,12.6667,0.2483
11,ADV=0.001,MIT g=0.068 and tau=0.5,44.5,0.6125,24.5,0.0362,42.5,0.1325,37.1667,0.7812,12.6667,0.2483
12,ADV=0.005,STD,93.9444,0.0951,93.7222,0.0547,96.0556,0.0197,94.5741,0.1694,0.8519,0.0383
13,ADV=0.005,MIT g=0.003 and tau=0.1,82.0,0.2112,25.25,0.3656,43.5,0.4,50.25,0.9769,25.0,0.2038
14,ADV=0.005,MIT g=0.003 and tau=0.3,82.0,0.2112,25.25,0.3656,43.5,0.4,50.25,0.9769,25.0,0.2038
15,ADV=0.005,MIT g=0.010 and tau=0.5,82.4,0.148,30.5,0.113,47.6,0.2152,53.5,0.4762,23.0,0.1211
16,"AUG=0.01, ADV=0.0005",STD,64.6667,0.1156,59.6111,0.3166,69.3889,0.3405,64.5556,0.7727,4.9444,0.152
17,"AUG=0.01, ADV=0.001",STD,76.0556,0.1671,71.9444,0.1728,79.5,0.176,75.8333,0.516,3.8889,0.1144
18,"AUG=0.01, ADV=0.005",STD,95.1667,0.0418,92.3889,0.0632,96.6111,0.0101,94.7222,0.1151,2.3333,0.0173
19,"AUG=0.05, ADV=0.0005",STD,62.2222,0.7158,61.2778,0.7917,64.7222,0.8692,62.7407,2.3767,1.463,0.5283
20,"AUG=0.05, ADV=0.001",STD,71.5556,0.759,70.8889,0.5358,73.3333,0.8375,71.9259,2.1323,1.037,0.5322
21,"AUG=0.05, ADV=0.005",STD,78.5556,0.8521,79.1667,0.7827,80.8889,0.9216,79.537,2.5564,0.9815,0.5681
22,"AUG=0.1, ADV=0.0005",STD,59.1667,1.8416,59.7222,1.867,61.6111,1.6938,60.1667,5.4023,1.0,1.1869
23,"AUG=0.1, ADV=0.001",STD,68.1667,1.7349,66.0556,1.5829,68.5,1.78,67.5741,5.0978,1.5185,1.1716
24,"AUG=0.1, ADV=0.005",STD,68.8333,2.0622,66.5,1.8636,69.1667,1.8318,68.1667,5.7577,1.6667,1.298
