,TS,ERR^CI,ERR^CI std,ERR^CJ,ERR^CJ std,ERR^CS,ERR^CS std,ERR,ERR std,W_ERR,W_ERR std,CIC,CIC std
0,NOAUG,21.1923,1.3839,17.6923,1.2762,22.2308,1.0348,20.3718,3.6949,21.9773,3.6949,2.6795,0.8062
1,"AUG, g=0.0001",21.5833,1.4979,16.5833,2.2272,20.0,1.1731,19.3889,4.8982,19.9167,4.8982,2.8056,0.8903
2,"AUG, g=0.00019952623149688788",22.0,1.4142,15.5,1.7678,17.5,1.0607,18.3333,4.2426,17.6136,4.2426,2.8333,0.825
3,"AUG, g=0.00039810717055349735",23.0833,1.4812,17.0833,1.3934,21.25,2.0015,20.4722,4.8761,21.1439,4.8761,3.3889,1.1609
4,"AUG, g=0.0007943282347242813",-100.0,0.0,-100.0,0.0,-100.0,0.0,-100.0,0.0,-100.0,0.0,0.0,0.0
5,"AUG, g=0.001584893192461114",23.3125,1.4459,16.25,2.2375,20.8125,2.0194,20.125,5.7029,20.7188,5.7029,3.875,1.1551
6,"AUG, g=0.0031622776601683794",-100.0,0.0,-100.0,0.0,-100.0,0.0,-100.0,0.0,-100.0,0.0,0.0,0.0
7,"AUG, g=0.00630957344480193",24.375,2.0085,16.375,0.9649,21.3125,1.8207,20.6875,4.7941,21.2273,4.7941,4.3125,1.2764
8,"AUG, g=0.012589254117941675",-100.0,0.0,-100.0,0.0,-100.0,0.0,-100.0,0.0,-100.0,0.0,0.0,0.0
9,"AUG, g=0.025118864315095794",24.5625,1.6301,18.0,1.6148,20.875,1.8096,21.1458,5.0545,20.9119,5.0545,3.1458,1.1466
10,"AUG, g=0.0501187233627272",-100.0,0.0,-100.0,0.0,-100.0,0.0,-100.0,0.0,-100.0,0.0,0.0,0.0
11,"AUG, g=0.1",23.375,1.3936,17.6875,2.0819,22.125,2.0819,21.0625,5.5574,21.9801,5.5574,3.375,1.1585
