,TestSet,Mitigation,ERR^CI,ERR^CI std,ERR^CJ,ERR^CJ std,ERR^CS,ERR^CS std,ERR,ERR std,CIC,CIC std
0,NOAUG,STD,36.0,0.14,33.1111,0.3633,38.3889,0.1365,35.8333,0.6398,2.7222,0.0922
1,NOAUG,MIT g=0.100,27.5,0.0617,18.3333,0.0206,32.0,0.04,25.9444,0.1222,7.6111,0.0339
2,AUG=0.01,STD,41.0556,0.2001,35.6667,0.2694,45.0556,0.2951,40.5926,0.7646,4.9259,0.1651
3,AUG=0.01,MIT g=0.068,35.625,0.5698,29.875,0.1423,38.5,0.2534,34.6667,0.9656,4.7917,0.2744
4,AUG=0.05,STD,48.7222,1.6432,46.2778,2.0009,46.8333,1.9361,47.2778,5.5802,1.0,1.1931
5,AUG=0.05,MIT g=0.068,46.5,2.8322,42.5,0.3284,47.375,0.2261,45.4583,3.3867,2.9583,1.0194
6,AUG=0.1,STD,49.8333,2.5828,46.2222,2.3862,50.4444,2.0438,48.8333,7.0127,2.6111,1.5422
7,AUG=0.1,MIT g=0.100,48.1667,0.0722,48.3333,1.2022,47.6667,1.6789,48.0556,2.9533,0.3889,0.4248
8,ADV=0.0005,STD,56.6111,0.2599,52.1667,0.547,61.2222,0.1838,56.6667,0.9907,4.5,0.1479
9,ADV=0.0005,MIT g=0.032,35.0,0.0194,19.6667,0.0761,38.1667,0.0311,30.9444,0.1267,11.2778,0.0169
10,ADV=0.001,STD,70.6111,0.2504,64.3333,0.519,76.3889,0.2322,70.4444,1.0016,6.1111,0.1609
11,ADV=0.001,MIT g=0.032,45.0,0.0461,21.0,0.0567,40.1667,0.0356,35.3889,0.1383,14.3889,0.0272
12,ADV=0.005,STD,93.3889,0.0864,91.1111,0.1202,97.0,0.0248,93.8333,0.2314,2.7222,0.037
13,ADV=0.005,MIT g=0.001,85.125,0.0205,24.25,0.1981,43.0,0.2384,50.7917,0.457,26.5417,0.0863
14,"AUG=0.01, ADV=0.0005",STD,61.3889,0.213,56.7778,0.3442,69.1667,0.1764,62.4444,0.7336,5.6667,0.1298
15,"AUG=0.01, ADV=0.0005",MIT g=0.032,45.8333,0.1044,31.0,0.0378,40.8333,0.0689,39.2222,0.2111,8.2222,0.0578
16,"AUG=0.01, ADV=0.001",STD,75.2778,0.2764,68.7222,0.2891,80.5556,0.1101,74.8519,0.6757,6.1296,0.1288
17,"AUG=0.01, ADV=0.001",MIT g=0.068,57.25,0.6269,32.75,0.1694,42.75,0.0934,44.25,0.8897,11.5,0.2401
18,"AUG=0.01, ADV=0.005",STD,95.7778,0.0198,91.8333,0.076,97.2778,0.0291,94.963,0.1249,3.1296,0.0163
19,"AUG=0.01, ADV=0.005",MIT g=0.010,87.9,0.1924,39.4,0.105,51.8,0.1096,59.7,0.407,20.3,0.1007
20,"AUG=0.05, ADV=0.0005",STD,59.3333,1.8698,56.3889,2.2271,62.7222,1.4941,59.4815,5.591,3.0926,1.1213
21,"AUG=0.05, ADV=0.0005",MIT g=0.022,55.0,0.0378,45.6667,0.1706,46.6667,0.1089,49.1111,0.3172,3.4444,0.0489
22,"AUG=0.05, ADV=0.001",STD,64.1111,2.5097,63.3889,1.9083,66.2222,2.0415,64.5741,6.4595,1.1852,1.5171
23,"AUG=0.05, ADV=0.001",MIT g=0.010,58.1,1.2234,45.1,0.1612,44.8,0.5696,49.3333,1.9542,4.5333,0.4615
24,"AUG=0.05, ADV=0.005",STD,80.2778,1.927,80.5,1.5805,80.3333,1.8672,80.3704,5.3746,0.0926,1.1492
25,"AUG=0.05, ADV=0.005",MIT g=0.032,70.0,0.6228,50.6667,2.6122,49.6667,0.0789,56.7778,3.3139,7.1111,1.0783
26,"AUG=0.1, ADV=0.0005",STD,57.0,2.9149,56.5,2.6533,57.4444,2.8864,56.9815,8.4546,0.4815,1.9338
27,"AUG=0.1, ADV=0.0005",MIT g=0.032,51.5,1.2378,49.1667,0.8889,49.8333,1.6656,50.1667,3.7922,1.0,0.9678
28,"AUG=0.1, ADV=0.001",STD,58.8889,2.4519,55.2222,2.9836,59.3889,2.7766,57.8333,8.2121,2.6111,1.7428
29,"AUG=0.1, ADV=0.001",MIT g=0.022,54.1667,0.8478,50.0,0.0361,50.5,1.3317,51.5556,2.2156,1.5556,0.7265
30,"AUG=0.1, ADV=0.005",STD,71.2222,2.6865,72.6667,2.6583,72.2222,2.9175,72.037,8.2623,0.8148,1.8586
31,"AUG=0.1, ADV=0.005",MIT g=0.032,62.6667,1.2206,52.5,3.17,51.3333,0.0111,55.5,4.4017,4.1667,1.4635
