,TestSet,Mitigation,ERR^CI,ERR^CI std,ERR^CJ,ERR^CJ std,ERR^CS,ERR^CS std,ERR,ERR std,CIC,CIC std
0,NOAUG,STD,25.8333,0.0831,23.1667,0.1329,41.4444,0.1547,30.1481,0.3707,6.9815,0.0793
1,NOAUG,MIT g=0.007,20.5,0.0078,17.1667,0.0306,39.8333,0.2556,25.8333,0.2939,8.6667,0.0878
2,AUG=0.01,STD,36.7778,0.126,31.7222,0.0465,47.9444,0.094,38.8148,0.2665,7.0926,0.0733
3,AUG=0.01,MIT g=0.100,31.75,0.0381,26.0,0.0125,45.0,0.0325,34.25,0.0831,8.25,0.0235
4,AUG=0.05,STD,47.2222,0.6436,44.0556,0.7058,49.2222,0.6953,46.8333,2.0448,2.7778,0.4463
5,AUG=0.05,MIT g=0.022,42.9167,1.2795,40.75,0.4067,47.25,0.5706,43.6389,2.2569,2.8889,0.6167
6,AUG=0.1,STD,48.5,1.6838,43.25,1.4625,50.6875,1.8642,47.4792,5.0105,4.2292,1.1827
7,AUG=0.1,MIT g=0.015,44.6,2.5574,43.6,1.64,47.7,1.7806,45.3,5.978,1.7,1.446
8,ADV=0.0005,STD,44.5625,0.2111,38.1875,0.1882,66.125,0.0559,49.625,0.4552,11.4375,0.089
9,ADV=0.0005,MIT g=0.007,31.8333,0.0039,22.5,0.0667,55.1667,0.1289,36.5,0.1994,14.0,0.0443
10,ADV=0.001,STD,57.9375,0.139,49.4375,0.2348,79.625,0.0946,62.3333,0.4684,12.8958,0.0779
11,ADV=0.001,MIT g=0.007,41.5,0.0311,29.0,0.2733,63.0,0.1267,44.5,0.4311,15.5,0.0526
12,ADV=0.005,STD,86.25,0.0516,82.6875,0.1048,96.5625,0.0161,88.5,0.1724,5.8125,0.0225
13,ADV=0.005,MIT g=0.015,76.6,0.225,45.8,0.636,77.5,0.3608,66.6333,1.2218,20.8333,0.1953
14,"AUG=0.01, ADV=0.0005",STD,53.0,0.1069,48.0625,0.0945,70.4375,0.1012,57.1667,0.3026,9.1042,0.0694
15,"AUG=0.01, ADV=0.0005",MIT g=0.002,48.125,0.0723,36.625,0.1467,57.625,0.2936,47.4583,0.5127,10.8333,0.122
16,"AUG=0.01, ADV=0.001",STD,67.9375,0.0911,62.4375,0.1987,81.5625,0.0495,70.6458,0.3393,8.2083,0.0468
17,"AUG=0.01, ADV=0.001",MIT g=0.002,55.5,0.0297,42.25,0.1372,70.375,0.163,56.0417,0.3298,13.7917,0.0642
18,"AUG=0.01, ADV=0.005",STD,92.5,0.0424,85.6875,0.1026,97.5625,0.0159,91.9167,0.1609,6.2292,0.0194
19,"AUG=0.01, ADV=0.005",MIT g=0.068,85.0,0.0447,58.625,0.1598,81.875,0.243,75.1667,0.4475,16.5417,0.0959
20,"AUG=0.05, ADV=0.0005",STD,70.3125,0.5867,66.875,0.3886,75.0,0.2837,70.7292,1.2589,3.8542,0.2901
21,"AUG=0.05, ADV=0.0005",MIT g=0.010,58.0,0.7608,54.2,0.5656,61.7,0.747,57.9667,2.0734,3.7667,0.5026
22,"AUG=0.05, ADV=0.001",STD,69.5,0.6581,67.8125,0.495,74.0625,0.4806,70.4583,1.6337,2.6458,0.3796
23,"AUG=0.05, ADV=0.001",MIT g=0.010,60.2,0.934,58.3,0.787,62.4,1.498,60.3,3.219,2.0,0.8107
24,"AUG=0.05, ADV=0.005",STD,80.25,1.0796,78.625,1.1471,82.5625,1.0464,80.4792,3.2731,1.8542,0.7087
25,"AUG=0.05, ADV=0.005",MIT g=0.003,73.875,1.3005,66.375,0.5098,70.375,1.3142,70.2083,3.1245,3.8333,0.8716
26,"AUG=0.1, ADV=0.0005",STD,71.875,0.353,69.4375,0.425,74.0,0.2578,71.7708,1.0357,2.3333,0.2036
27,"AUG=0.1, ADV=0.0005",MIT g=0.003,66.25,0.6956,53.875,1.0767,53.125,0.4386,57.75,2.2109,4.625,0.5908
28,"AUG=0.1, ADV=0.001",STD,68.0,0.9837,67.25,0.8484,71.0625,0.8353,68.7708,2.6674,1.5208,0.6063
29,"AUG=0.1, ADV=0.001",MIT g=0.010,58.8,1.8426,61.0,0.9638,59.8,0.6248,59.8667,3.4312,1.0667,0.5295
30,"AUG=0.1, ADV=0.005",STD,76.0625,1.5562,73.9375,1.5887,77.6875,1.5732,75.8958,4.7182,1.9583,1.0432
31,"AUG=0.1, ADV=0.005",MIT g=0.003,68.625,1.4855,61.375,0.7305,63.75,1.5347,64.5833,3.7506,3.2083,1.0067
