,TestSet,Mitigation,ERR^CI,ERR^CI std,ERR^CJ,ERR^CJ std,ERR^CS,ERR^CS std,ERR,ERR std,CIC,CIC std
0,NOAUG,STD,33.2222,0.1219,19.9444,0.0658,48.8889,0.4264,34.0185,0.6141,14.0741,0.1828
1,NOAUG,MIT gamma=19.31,28.5,0.0378,15.6667,0.0861,40.8333,0.2556,28.3333,0.3794,12.6667,0.0978
2,ADV=0.0005,STD,49.4444,0.1115,29.4444,0.1078,69.4444,0.4028,49.4444,0.6222,20.0,0.1715
3,ADV=0.0005,MIT gamma=19.31,42.3333,0.0406,15.8333,0.0872,40.8333,0.1856,33.0,0.3133,17.1667,0.0754
4,ADV=0.001,STD,61.6111,0.1691,38.3333,0.0885,82.1667,0.2389,60.7037,0.4965,22.3704,0.136
5,ADV=0.001,MIT gamma=19.31,51.8333,0.0528,17.0,0.1044,42.5,0.1283,37.1111,0.2856,20.1111,0.0604
6,ADV=0.005,STD,86.4444,0.0449,71.0556,0.1438,97.3889,0.0232,84.963,0.2119,13.9074,0.0227
7,ADV=0.005,MIT gamma=0.19,85.5,0.1525,19.25,0.0106,43.0,0.185,49.25,0.3481,30.0,0.1125
8,AUG=0.01,STD,37.8333,0.1849,25.6667,0.0707,49.0,0.3433,37.5,0.599,11.8333,0.1761
9,AUG=0.01,MIT gamma=0.37,31.5,0.005,21.25,0.0406,42.5,0.0463,31.75,0.0919,10.5,0.0171
10,AUG=0.05,STD,43.9444,0.5901,37.7778,0.7541,49.6667,0.4239,43.7963,1.7681,6.0185,0.338
11,AUG=0.05,MIT gamma=2.68,48.1667,1.2456,33.3333,0.0589,46.1667,0.5189,42.5556,1.8233,9.2222,0.5881
12,AUG=0.1,STD,46.7222,0.8103,43.2778,0.717,47.8889,0.8972,45.963,2.4244,2.6852,0.5692
13,AUG=0.1,MIT gamma=517.95,46.8,0.8008,37.2,1.4026,48.5,1.2108,44.1667,3.4142,6.9667,0.6705
14,"AUG=0.01, ADV=0.0005",STD,57.0556,0.0984,39.2222,0.0862,71.1667,0.2811,55.8148,0.4657,16.5926,0.1265
15,"AUG=0.01, ADV=0.0005",MIT gamma=19.31,52.1667,0.1522,23.5,0.0278,44.6667,0.2444,40.1111,0.4244,16.6111,0.1322
16,"AUG=0.01, ADV=0.001",STD,70.7222,0.157,53.0556,0.0962,83.1111,0.2197,68.963,0.4729,15.9074,0.1256
17,"AUG=0.01, ADV=0.001",MIT gamma=0.19,61.75,0.4781,24.5,0.045,43.5,0.265,43.25,0.7881,18.75,0.2477
18,"AUG=0.01, ADV=0.005",STD,92.6667,0.035,81.2778,0.0592,97.1111,0.0072,90.3519,0.1014,9.0741,0.0141
19,"AUG=0.01, ADV=0.005",MIT gamma=0.19,85.5,0.1125,30.5,0.0612,43.5,0.3512,53.1667,0.525,22.6667,0.1546
20,"AUG=0.05, ADV=0.0005",STD,72.1667,0.0938,63.1111,0.1633,76.9444,0.1665,70.7407,0.4236,7.6296,0.0868
21,"AUG=0.05, ADV=0.0005",MIT gamma=268.27,53.625,1.5561,37.625,0.9055,51.125,0.3705,47.4583,2.832,9.8333,0.6422
22,"AUG=0.05, ADV=0.001",STD,72.9444,0.7486,66.4444,0.5962,77.0556,0.6678,72.1481,2.0127,5.7037,0.4721
23,"AUG=0.05, ADV=0.001",MIT gamma=2.68,58.8333,2.1189,35.8333,0.0939,46.3333,0.2528,47.0,2.4656,11.1667,0.7906
24,"AUG=0.05, ADV=0.005",STD,81.1667,1.259,79.8333,1.0789,83.7778,1.3375,81.5926,3.6754,1.7593,0.8655
25,"AUG=0.05, ADV=0.005",MIT gamma=0.19,70.75,0.0156,41.0,0.005,45.0,0.9562,52.25,0.9769,11.25,0.324
26,"AUG=0.1, ADV=0.0005",STD,72.4444,0.1702,67.5556,0.2062,77.0,0.0586,72.3333,0.4351,4.7778,0.0763
27,"AUG=0.1, ADV=0.0005",MIT gamma=0.37,48.75,1.6906,38.75,2.0581,49.25,0.1606,45.5833,3.9094,6.8333,0.6171
28,"AUG=0.1, ADV=0.001",STD,69.9444,0.818,65.3333,1.0309,73.1667,0.9823,69.4815,2.8312,4.1481,0.6001
29,"AUG=0.1, ADV=0.001",MIT gamma=517.95,55.9,0.9064,46.6,1.294,44.3,0.563,48.9333,2.7634,4.6333,0.7335
30,"AUG=0.1, ADV=0.005",STD,75.5,1.5696,74.9444,1.6223,77.3333,1.7964,75.9259,4.9883,0.9815,1.122
31,"AUG=0.1, ADV=0.005",MIT gamma=0.19,61.25,0.2031,40.75,0.1206,50.25,2.1631,50.75,2.4869,10.0,0.7887
