,TS,ERR^LC,ERR^LC std,ERR^LF,ERR^LF std,ERR^LT,ERR^LT std,ERR,ERR std,W_ERR,W_ERR std,CIC,CIC std
0,NOAUG,19.0385,1.2338,9.7692,0.835,31.3077,1.7422,20.0385,3.811,11.1696,3.811,10.2692,0.992
1,"AUG, g=0.0001",17.2222,1.9893,9.1667,1.1371,28.0,2.1741,18.1296,5.3005,10.3889,5.3005,8.963,1.3878
2,"AUG, g=0.00019952623149688788",20.1667,2.1901,10.6667,0.5079,32.3333,4.0575,21.0556,6.7555,12.0833,6.7555,10.3889,2.0825
3,"AUG, g=0.00039810717055349735",18.2143,2.0732,9.5,1.09,28.4286,2.6524,18.7143,5.8156,10.7565,5.8156,9.2143,1.5752
4,"AUG, g=0.0007943282347242813",20.0,3.182,8.75,1.9445,32.0,0.3536,20.25,5.4801,10.3182,5.4801,11.5,1.1785
5,"AUG, g=0.001584893192461114",18.0,1.3478,9.9375,1.1035,31.0,2.133,19.6458,4.5843,11.2614,4.5843,9.7083,1.1602
6,"AUG, g=0.0031622776601683794",19.0,1.7678,12.75,2.6517,30.75,4.4194,20.8333,8.8388,13.8523,8.8388,8.0833,2.0624
7,"AUG, g=0.00630957344480193",18.2857,1.8554,11.1429,1.2535,31.0,2.7393,20.1429,5.8482,12.3701,5.8482,9.0,1.5316
8,"AUG, g=0.012589254117941675",16.0,2.1213,9.25,1.9445,26.25,3.0052,17.1667,7.0711,10.3295,7.0711,7.9167,1.7088
9,"AUG, g=0.025118864315095794",19.8125,2.2895,11.625,1.2834,30.625,2.4166,20.6875,5.9895,12.8608,5.9895,9.0625,1.5687
10,"AUG, g=0.0501187233627272",21.0,0.0,9.5,0.0,33.0,0.0,21.1667,0.0,11.0909,0.0,11.6667,0.0
11,"AUG, g=0.1",19.9375,1.5001,11.8125,1.3132,31.1875,4.0441,20.9792,6.8573,13.0625,6.8573,9.1667,1.8481
