,TS,ERR^CI,ERR^CI std,ERR^CJ,ERR^CJ std,ERR^CS,ERR^CS std,ERR,ERR std,W_ERR,W_ERR std,CIC,CIC std
0,NOAUG,14.1333,0.9608,18.6,0.9465,29.2667,1.4636,20.6667,3.371,15.0242,3.371,6.5333,0.8034
1,"AUG, g=0.0001",17.0,1.5402,14.7143,1.6547,25.5714,2.564,19.0952,5.7589,17.2857,5.7589,4.381,1.3681
2,"AUG, g=0.00019952623149688788",15.5,2.1388,15.6667,1.4349,29.5,4.3269,20.2222,7.9006,16.1439,7.9006,4.7222,1.9206
3,"AUG, g=0.00039810717055349735",17.3333,1.1878,15.8333,2.0638,29.6667,1.8311,20.9444,5.0827,17.8258,5.0827,5.1111,1.0063
4,"AUG, g=0.0007943282347242813",-100.0,0.0,-100.0,0.0,-100.0,0.0,-100.0,0.0,-100.0,0.0,0.0,0.0
5,"AUG, g=0.001584893192461114",17.0714,1.4925,15.8571,2.3167,29.5,2.3594,20.8095,6.1686,17.5812,6.1686,4.9524,1.284
6,"AUG, g=0.0031622776601683794",-100.0,0.0,-100.0,0.0,-100.0,0.0,-100.0,0.0,-100.0,0.0,0.0,0.0
7,"AUG, g=0.00630957344480193",15.0625,1.3941,16.875,0.9475,27.4375,1.75,19.7917,4.0917,15.7074,4.0917,4.7292,0.8992
8,"AUG, g=0.012589254117941675",-100.0,0.0,-100.0,0.0,-100.0,0.0,-100.0,0.0,-100.0,0.0,0.0,0.0
9,"AUG, g=0.025118864315095794",15.6875,1.1605,17.375,1.8092,28.5625,1.81,20.5417,4.7798,16.3494,4.7798,4.8542,1.2064
10,"AUG, g=0.0501187233627272",-100.0,0.0,-100.0,0.0,-100.0,0.0,-100.0,0.0,-100.0,0.0,0.0,0.0
11,"AUG, g=0.1",16.95,1.3692,17.9,1.0249,28.05,1.6836,20.9667,4.0777,17.4977,4.0777,4.0167,0.9028
