,TS,ERR^CI,ERR^CI std,ERR^CJ,ERR^CJ std,ERR^CS,ERR^CS std,ERR,ERR std,W_ERR,W_ERR std,CIC,CIC std
0,NOAUG,14.1071,0.0772,21.5357,0.0779,28.5357,0.2212,21.3929,0.3763,15.1006,0.3763,7.2857,0.0997
1,"AUG, g=0.001",-100.0,0.0,-100.0,0.0,-100.0,0.0,-100.0,0.0,-100.0,0.0,0.0,0.0
2,"AUG, g=0.002",-100.0,0.0,-100.0,0.0,-100.0,0.0,-100.0,0.0,-100.0,0.0,0.0,0.0
3,"AUG, g=0.005",14.4444,0.0657,19.9444,0.0719,28.8333,0.1348,21.0741,0.2723,15.3485,0.2723,6.6296,0.0689
4,"AUG, g=0.01",14.7273,0.0724,18.4773,0.1302,28.4545,0.1598,20.553,0.3624,15.5217,0.3624,5.8258,0.0967
5,"AUG, g=0.02",16.8846,0.0814,18.7308,0.1235,27.4615,0.2764,21.0256,0.4813,17.4493,0.4813,4.141,0.1333
6,"AUG, g=0.05",16.5227,0.1305,19.4773,0.1604,29.1136,0.2657,21.7045,0.5567,17.2293,0.5567,5.1818,0.1421
7,"AUG, g=0.1",16.6,0.1169,18.175,0.1117,29.775,0.1763,21.5167,0.4049,17.2705,0.4049,4.9167,0.096
8,"AUG, g=0.2",17.9286,0.138,18.5714,0.1153,32.3571,0.5327,22.9524,0.7859,18.6136,0.7859,5.0238,0.216
