,TestSet,Mitigation,ERR^CI,ERR^CI std,ERR^CJ,ERR^CJ std,ERR^CS,ERR^CS std,ERR,ERR std,CIC,CIC std
0,NOAUG,STD,33.3333,0.1029,19.5,0.1068,46.7778,0.1891,33.2037,0.3988,13.7037,0.0973
1,NOAUG,MIT,31.5,0.1825,15.125,0.0323,38.625,0.188,28.4167,0.4028,13.2917,0.1235
2,ADV=0.0005,STD,51.5556,0.1462,30.5556,0.1269,69.6111,0.2301,50.5741,0.5032,20.0185,0.1254
3,ADV=0.0005,MIT,43.75,0.2959,20.375,0.0248,52.875,0.2042,39.0,0.525,18.625,0.1667
4,ADV=0.001,STD,65.1667,0.125,41.0,0.1459,81.6111,0.1843,62.5926,0.4552,21.5926,0.1031
5,ADV=0.001,MIT,54.75,0.3494,23.625,0.0217,62.75,0.0594,47.0417,0.4305,23.4167,0.1362
6,ADV=0.005,STD,89.8333,0.0567,72.2778,0.1186,97.2778,0.0153,86.463,0.1906,14.1852,0.024
7,ADV=0.005,MIT,83.625,0.1411,43.875,0.0561,78.5,0.1022,68.6667,0.2994,24.7917,0.0811
8,AUG=0.01,STD,38.1667,0.1388,25.6111,0.1391,48.4444,0.3323,37.4074,0.6103,11.7963,0.1571
9,AUG=0.01,MIT,36.375,0.298,22.375,0.0511,44.5,0.3797,34.4167,0.7288,12.0417,0.2259
10,AUG=0.05,STD,44.8889,0.4841,39.8889,0.5512,48.5,0.4477,44.4259,1.483,4.537,0.3106
11,AUG=0.05,MIT,47.0,1.5947,35.375,0.0948,48.25,0.3019,43.5417,1.9914,8.1667,0.6322
12,AUG=0.1,STD,47.7222,0.4814,42.8889,0.7022,52.0,0.4351,47.537,1.6187,4.6481,0.3055
13,AUG=0.1,MIT,51.5,1.9262,34.875,0.0517,47.125,0.4473,44.5,2.4253,9.625,0.7912
14,"AUG=0.01, ADV=0.0005",STD,57.6111,0.0762,41.2778,0.2492,69.8333,0.2261,56.2407,0.5515,14.963,0.1008
15,"AUG=0.01, ADV=0.0005",MIT,50.625,0.2867,30.75,0.1756,58.875,0.2073,46.75,0.6697,16.0,0.1647
16,"AUG=0.01, ADV=0.001",STD,72.0556,0.064,53.8333,0.1127,83.9444,0.1167,69.9444,0.2934,16.1111,0.0602
17,"AUG=0.01, ADV=0.001",MIT,62.5,0.185,35.375,0.053,67.375,0.203,55.0833,0.4409,19.7083,0.1293
18,"AUG=0.01, ADV=0.005",STD,92.6111,0.046,82.7222,0.1247,97.3889,0.0099,90.9074,0.1806,8.1852,0.0186
19,"AUG=0.01, ADV=0.005",MIT,88.75,0.2194,57.5,0.0622,81.75,0.1331,76.0,0.4147,18.5,0.1175
20,"AUG=0.05, ADV=0.0005",STD,71.5,0.3172,63.3889,0.4538,75.7222,0.276,70.2037,1.047,6.8148,0.1977
21,"AUG=0.05, ADV=0.0005",MIT,55.125,1.2255,46.125,0.6848,53.75,0.2247,51.6667,2.135,5.5417,0.4834
22,"AUG=0.05, ADV=0.001",STD,74.6111,0.6708,67.4444,0.7288,78.7222,0.3965,73.5926,1.7961,6.1481,0.3558
23,"AUG=0.05, ADV=0.001",MIT,56.625,0.8642,47.0,0.6,60.5,0.2609,54.7083,1.7252,7.7083,0.3751
24,"AUG=0.05, ADV=0.005",STD,78.6667,1.2679,76.4444,0.9962,81.3333,1.1012,78.8148,3.3654,2.3704,0.7897
25,"AUG=0.05, ADV=0.005",MIT,78.0,0.5838,62.75,0.7609,74.375,1.2142,71.7083,2.5589,8.9583,0.5993
26,"AUG=0.1, ADV=0.0005",STD,70.7778,0.4556,64.4444,0.6425,75.6111,0.4295,70.2778,1.5276,5.8333,0.295
27,"AUG=0.1, ADV=0.0005",MIT,56.875,1.2892,46.375,0.9917,48.375,0.5755,50.5417,2.8564,4.1667,0.6216
28,"AUG=0.1, ADV=0.001",STD,73.1667,0.9168,68.1111,1.1938,75.7778,1.067,72.3519,3.1776,4.2407,0.6613
29,"AUG=0.1, ADV=0.001",MIT,54.75,0.6747,51.625,0.633,54.375,0.5792,53.5833,1.8869,1.9583,0.418
30,"AUG=0.1, ADV=0.005",STD,72.5,1.886,68.5556,2.2388,76.3889,1.836,72.4815,5.9609,3.9259,1.2407
31,"AUG=0.1, ADV=0.005",MIT,71.625,0.7898,59.75,0.8922,70.5,1.605,67.2917,3.287,7.5417,0.7983
