,TestSet,Mitigation,ERR^LC,ERR^LC std,ERR^LF,ERR^LF std,ERR^LT,ERR^LT std,ERR,ERR std,CIC,CIC std
0,NOAUG,STD,25.4,0.1927,17.6,0.0876,33.1,0.6122,25.3667,0.8925,7.7667,0.2683
1,AUG=0.01,STD,37.35,0.2201,34.55,0.2256,40.1,0.4517,37.3333,0.8975,2.7833,0.224
2,AUG=0.05,STD,45.45,1.5359,45.8,1.9883,46.4,2.041,45.8833,5.5652,0.4333,1.3431
3,AUG=0.1,STD,47.5,1.3856,48.2,1.8964,50.65,1.5903,48.7833,4.8722,1.2833,1.1622
4,ADV=0.0005,STD,36.35,0.258,27.7,0.1565,44.7,0.5493,36.25,0.9638,8.55,0.2691
5,ADV=0.0005,MIT g=0.015 and tau=0.1,37.9,0.2822,15.8,0.0666,29.2,0.2256,27.6333,0.5744,11.8333,0.1693
6,ADV=0.0005,MIT g=0.068 and tau=0.3,36.5,0.1125,19.125,0.0267,28.125,0.1211,27.9167,0.2603,8.7917,0.0779
7,ADV=0.0005,MIT g=0.068 and tau=0.5,36.5,0.1125,19.125,0.0267,28.125,0.1211,27.9167,0.2603,8.7917,0.0779
8,ADV=0.001,STD,44.85,0.258,36.35,0.1256,53.3,0.459,44.8333,0.8426,8.4833,0.239
9,ADV=0.001,MIT g=0.015 and tau=0.1,43.8,0.4738,17.1,0.057,29.2,0.241,30.0333,0.7718,12.9333,0.2383
10,ADV=0.001,MIT g=0.068 and tau=0.3,43.25,0.1294,20.75,0.0397,28.5,0.1425,30.8333,0.3116,10.0833,0.0906
11,ADV=0.001,MIT g=0.068 and tau=0.5,43.25,0.1294,20.75,0.0397,28.5,0.1425,30.8333,0.3116,10.0833,0.0906
12,ADV=0.005,STD,72.95,0.2036,64.1,0.123,81.5,0.2908,72.85,0.6174,8.75,0.1648
13,ADV=0.005,MIT g=0.005 and tau=0.1,72.375,0.1117,25.125,0.1511,25.75,0.2647,41.0833,0.5275,15.9583,0.1255
14,ADV=0.005,MIT g=0.068 and tau=0.3,68.125,0.2023,25.875,0.1211,29.875,0.2598,41.2917,0.5833,15.4167,0.1541
15,ADV=0.005,MIT g=0.068 and tau=0.5,68.125,0.2023,25.875,0.1211,29.875,0.2598,41.2917,0.5833,15.4167,0.1541
16,"AUG=0.01, ADV=0.0005",STD,53.8,0.3538,55.05,0.1662,58.8,0.3861,55.8833,0.9061,2.0833,0.1841
17,"AUG=0.01, ADV=0.001",STD,63.55,0.3301,63.1,0.1905,70.8,0.426,65.8167,0.9466,2.7167,0.252
18,"AUG=0.01, ADV=0.005",STD,86.7,0.15,88.1,0.0942,92.4,0.0499,89.0667,0.2941,2.3667,0.048
19,"AUG=0.05, ADV=0.0005",STD,57.75,1.2548,56.15,1.6365,58.25,1.5083,57.3833,4.3997,1.2333,0.921
20,"AUG=0.05, ADV=0.001",STD,65.85,1.5275,66.6,1.679,67.35,1.7741,66.6,4.9806,0.75,1.151
21,"AUG=0.05, ADV=0.005",STD,77.55,1.5506,77.3,1.6883,78.3,1.5213,77.7167,4.7602,0.4167,1.024
22,"AUG=0.1, ADV=0.0005",STD,52.45,1.5312,53.9,1.6451,56.1,1.295,54.15,4.4714,1.7,0.98
23,"AUG=0.1, ADV=0.001",STD,63.6,2.2438,63.1,2.1689,64.55,2.0721,63.75,6.4848,0.65,1.4386
24,"AUG=0.1, ADV=0.005",STD,71.6,2.0178,70.15,2.0081,72.2,2.5338,71.3167,6.5597,1.1667,1.5172
