,TestSet,Mitigation,ERR^LC,ERR^LC std,ERR^LF,ERR^LF std,ERR^LT,ERR^LT std,ERR,ERR std,CIC,CIC std
0,NOAUG,STD,32.65,0.215,28.55,0.2351,18.1,0.0896,26.4333,0.5398,8.3333,0.1501
1,AUG=0.01,STD,39.85,0.3713,35.9,0.3675,31.0,0.1296,35.5833,0.8684,4.5833,0.2463
2,AUG=0.05,STD,47.05,0.1574,45.35,0.5726,44.65,0.1748,45.6833,0.9049,1.0333,0.2434
3,AUG=0.1,STD,46.9,0.2504,46.65,0.361,44.4,0.1618,45.9833,0.7732,1.5833,0.2038
4,ADV=0.0005,STD,45.3,0.3741,42.65,0.3928,26.9,0.1643,38.2833,0.9312,11.3833,0.2556
5,ADV=0.0005,MIT g=0.015 and tau=0.1,33.5,0.1558,22.4,0.1294,15.6,0.058,23.8333,0.3432,8.2333,0.0951
6,ADV=0.0005,MIT g=0.015 and tau=0.3,33.5,0.1558,22.4,0.1294,15.6,0.058,23.8333,0.3432,8.2333,0.0951
7,ADV=0.0005,MIT g=0.015 and tau=0.5,33.5,0.1558,22.4,0.1294,15.6,0.058,23.8333,0.3432,8.2333,0.0951
8,ADV=0.001,STD,54.35,0.4141,51.05,0.4196,35.3,0.1736,46.9,1.0074,11.6,0.2779
9,ADV=0.001,MIT g=0.015 and tau=0.1,40.9,0.121,24.0,0.0948,15.9,0.054,26.9333,0.2698,11.0333,0.0719
10,ADV=0.001,MIT g=0.015 and tau=0.3,40.9,0.121,24.0,0.0948,15.9,0.054,26.9333,0.2698,11.0333,0.0719
11,ADV=0.001,MIT g=0.147 and tau=0.5,39.2143,0.1565,28.5,0.1642,18.0714,0.0444,28.5952,0.3651,10.5238,0.1069
12,ADV=0.005,STD,79.9,0.2475,75.8,0.2818,66.3,0.1928,74.0,0.7221,7.7,0.1764
13,ADV=0.005,MIT g=0.015 and tau=0.1,68.1,0.2034,32.7,0.1536,18.2,0.045,39.6667,0.402,21.4667,0.119
14,ADV=0.005,MIT g=0.015 and tau=0.3,68.1,0.2034,32.7,0.1536,18.2,0.045,39.6667,0.402,21.4667,0.119
15,ADV=0.005,MIT g=0.015 and tau=0.5,68.1,0.2034,32.7,0.1536,18.2,0.045,39.6667,0.402,21.4667,0.119
16,"AUG=0.01, ADV=0.0005",STD,57.85,0.377,59.8,0.2908,48.3,0.198,55.3167,0.8658,7.0167,0.2226
17,"AUG=0.01, ADV=0.001",STD,70.8,0.3534,71.25,0.2043,62.55,0.4054,68.2,0.9631,5.65,0.1859
18,"AUG=0.01, ADV=0.005",STD,90.75,0.0694,89.95,0.0804,87.1,0.1332,89.2667,0.283,2.1667,0.0499
19,"AUG=0.05, ADV=0.0005",STD,62.85,0.7088,63.4,1.093,59.7,0.6715,61.9833,2.4733,2.2833,0.6006
20,"AUG=0.05, ADV=0.001",STD,69.85,0.6896,66.75,0.9963,66.05,0.5002,67.55,2.1862,1.5,0.562
21,"AUG=0.05, ADV=0.005",STD,81.8,0.9406,81.15,0.7006,82.8,0.622,81.9167,2.2632,0.7667,0.5209
22,"AUG=0.1, ADV=0.0005",STD,63.6,1.4254,62.75,1.1304,61.7,0.9941,62.6833,3.55,0.9833,0.852
23,"AUG=0.1, ADV=0.001",STD,66.05,1.0307,63.4,1.234,63.0,0.904,64.15,3.1687,1.15,0.7549
24,"AUG=0.1, ADV=0.005",STD,76.65,1.009,76.55,1.4911,76.1,1.6208,76.4333,4.1209,0.3333,0.8334
