,TestSet,Mitigation,ERR^CI,ERR^CI std,ERR^CJ,ERR^CJ std,ERR^CS,ERR^CS std,ERR,ERR std,CIC,CIC std
0,NOAUG,STD,35.3889,0.1347,34.1667,0.2481,37.3889,0.1438,35.6481,0.5266,1.4815,0.0928
1,NOAUG,MIT gamma=0.100,28.5,0.1434,22.0,0.1488,30.875,0.1073,27.125,0.3995,5.125,0.0836
2,ADV=0.0005,STD,56.2222,0.292,55.8333,0.2935,60.8889,0.2372,57.6481,0.8226,1.8148,0.1764
3,ADV=0.0005,MIT gamma=0.001,38.75,0.1056,23.75,0.0631,47.0,0.0612,36.5,0.23,12.75,0.0556
4,ADV=0.001,STD,70.3333,0.252,68.7222,0.2486,76.1111,0.1852,71.7222,0.6859,3.0,0.1457
5,ADV=0.001,MIT gamma=0.002,50.75,0.0906,29.5,0.0762,55.5,0.1413,45.25,0.3081,15.75,0.0773
6,ADV=0.005,STD,94.7222,0.0402,94.3333,0.0612,95.7778,0.0434,94.9444,0.1449,0.6111,0.0279
7,ADV=0.005,MIT gamma=0.002,81.25,0.0906,43.25,0.1906,80.75,0.1431,68.4167,0.4244,25.1667,0.0779
8,AUG=0.01,STD,43.8889,0.2066,38.3889,0.2693,44.1667,0.2825,42.1481,0.7585,3.7593,0.163
9,AUG=0.01,MIT gamma=0.002,36.25,0.1681,29.25,0.0631,38.25,0.0156,34.5833,0.2469,5.3333,0.0612
10,AUG=0.05,STD,47.7222,0.6853,45.9444,0.8465,48.2222,0.5904,47.2963,2.1223,1.3519,0.4252
11,AUG=0.05,MIT gamma=0.010,44.0,0.6862,41.7,1.0718,48.4,0.0292,44.7,1.7872,3.0,0.2385
12,AUG=0.1,STD,48.3889,1.1071,47.6111,0.8351,51.5556,1.1296,49.1852,3.0717,1.5741,0.7456
13,AUG=0.1,MIT gamma=0.002,49.5,1.9012,46.5,0.18,48.75,0.0156,48.25,2.0969,1.75,0.639
14,"AUG=0.01, ADV=0.0005",STD,65.3333,0.2405,61.1667,0.1662,69.3889,0.1623,65.2963,0.569,4.1296,0.1343
15,"AUG=0.01, ADV=0.0005",MIT gamma=0.002,51.5,0.3725,36.0,0.0425,55.0,0.005,47.5,0.42,11.5,0.1258
16,"AUG=0.01, ADV=0.001",STD,77.1111,0.1625,72.3889,0.1388,80.8889,0.1456,76.7963,0.4469,4.4074,0.1027
17,"AUG=0.01, ADV=0.001",MIT gamma=0.002,58.25,0.0781,38.75,0.0631,62.75,0.1206,53.25,0.2619,14.5,0.0662
18,"AUG=0.01, ADV=0.005",STD,96.0556,0.0288,94.1667,0.0575,96.1111,0.033,95.4444,0.1193,1.2778,0.0206
19,"AUG=0.01, ADV=0.005",MIT gamma=0.002,85.5,0.0212,61.0,0.0462,81.5,0.05,76.0,0.1175,15.0,0.0237
20,"AUG=0.05, ADV=0.0005",STD,63.7778,0.8503,62.3889,0.7264,65.2222,0.6286,63.7963,2.2053,1.4074,0.493
21,"AUG=0.05, ADV=0.0005",MIT gamma=0.002,53.75,1.0856,50.0,1.2062,52.25,0.0231,52.0,2.315,2.0,0.3696
22,"AUG=0.05, ADV=0.001",STD,69.0,0.8033,67.7222,0.9614,71.7222,1.1345,69.4815,2.8992,1.7593,0.6459
23,"AUG=0.05, ADV=0.001",MIT gamma=0.002,57.5,0.625,51.5,0.7812,56.75,0.0231,55.25,1.4294,3.75,0.216
24,"AUG=0.05, ADV=0.005",STD,78.7778,0.1625,78.3333,0.3116,77.5556,0.0923,78.2222,0.5664,0.6667,0.158
25,"AUG=0.05, ADV=0.005",MIT gamma=0.010,74.4,1.7442,61.1,3.9944,65.0,0.7332,66.8333,6.4718,5.7333,0.8258
26,"AUG=0.1, ADV=0.0005",STD,60.1667,1.0144,63.4444,0.9601,64.4444,1.2618,62.6852,3.2362,2.5185,0.7406
27,"AUG=0.1, ADV=0.0005",MIT gamma=0.002,51.0,2.3225,50.5,0.3125,50.5,0.01,50.6667,2.645,0.1667,0.7775
28,"AUG=0.1, ADV=0.001",STD,65.1667,1.0556,64.2778,1.3748,63.6667,1.1899,64.3704,3.6202,0.7037,0.8101
29,"AUG=0.1, ADV=0.001",MIT gamma=0.002,53.75,2.0756,52.0,0.225,55.75,0.0306,53.8333,2.3312,1.8333,0.7021
30,"AUG=0.1, ADV=0.005",STD,67.1111,0.6995,65.1667,0.6429,68.8889,0.3662,67.0556,1.7086,1.8889,0.3552
31,"AUG=0.1, ADV=0.005",MIT gamma=0.001,62.75,0.3656,54.25,0.0031,59.5,0.01,58.8333,0.3788,4.5833,0.1252
