,TS,ERR^CI,ERR^CI std,ERR^CJ,ERR^CJ std,ERR^CS,ERR^CS std,ERR,ERR std,W_ERR,W_ERR std,CIC,CIC std
0,NOAUG,21.7143,1.3124,13.3214,0.9819,34.4643,1.3799,23.1667,3.6743,14.664,3.6743,9.8452,0.8975
1,"AUG, g=0.0001",23.4375,1.616,11.875,1.2827,31.625,1.7784,22.3125,4.6771,13.2983,4.6771,10.4375,1.1315
2,"AUG, g=0.00019952623149688788",22.4,2.5672,14.2,1.702,33.6,3.2938,23.4,7.5631,15.4545,7.5631,9.2,1.9537
3,"AUG, g=0.00039810717055349735",20.4286,2.3775,14.0714,1.449,32.4286,1.6363,22.3095,5.4628,15.1948,5.4628,8.2381,1.3379
4,"AUG, g=0.0007943282347242813",23.75,1.591,11.75,1.2374,29.75,2.6517,21.75,5.4801,13.1136,5.4801,10.0,1.4142
5,"AUG, g=0.001584893192461114",21.35,2.2062,12.55,1.2798,31.4,2.3901,21.7667,5.8761,13.8068,5.8761,9.2167,1.5321
6,"AUG, g=0.0031622776601683794",23.75,3.3588,10.25,2.2981,29.25,3.3588,21.0833,9.0156,11.7273,9.0156,10.8333,2.2392
7,"AUG, g=0.00630957344480193",23.375,2.4474,13.5625,1.4605,34.4375,2.5839,23.7917,6.4918,14.9574,6.4918,10.2292,1.6771
8,"AUG, g=0.012589254117941675",19.5,0.0,12.5,0.0,32.5,0.0,21.5,0.0,13.7273,0.0,9.0,0.0
9,"AUG, g=0.025118864315095794",24.625,1.3005,14.0,1.0957,30.625,2.9991,23.0833,5.3954,15.2386,5.3954,9.0833,1.4332
10,"AUG, g=0.0501187233627272",17.0,0.0,13.0,0.0,34.5,0.0,21.5,0.0,14.1591,0.0,8.5,0.0
11,"AUG, g=0.1",25.125,1.9391,12.9375,1.2724,34.125,2.4497,24.0625,5.6612,14.4545,5.6612,11.125,1.4629
