,TestSet,Mitigation,ERR^CI,ERR^CI std,ERR^CJ,ERR^CJ std,ERR^CS,ERR^CS std,ERR,ERR std,CIC,CIC std
0,NOAUG,STD,23.5,0.1282,26.1,0.1294,43.8,0.238,31.1333,0.4956,7.6333,0.1225
1,AUG=0.01,STD,36.1,0.069,34.4,0.184,46.4,0.1444,38.9667,0.3974,4.5667,0.0711
2,AUG=0.05,STD,46.3,1.4408,44.5,1.432,50.2,1.5066,47.0,4.3794,2.5,0.9825
3,AUG=0.1,STD,47.9,2.4802,48.2,2.575,49.0,2.7368,48.3667,7.792,0.4667,1.7706
4,ADV=0.0005,STD,41.9,0.118,39.3,0.2638,64.1,0.216,48.4333,0.5978,9.1333,0.1113
5,ADV=0.0005,MIT g=0.002 and tau=0.1,30.25,0.0181,19.25,0.0381,42.5,0.025,30.6667,0.0812,11.4167,0.0144
6,ADV=0.0005,MIT g=0.007 and tau=0.3,28.3333,0.0256,21.8333,0.0789,43.8333,0.1606,31.3333,0.265,9.5,0.062
7,ADV=0.0005,MIT g=0.007 and tau=0.5,28.3333,0.0256,21.8333,0.0789,43.8333,0.1606,31.3333,0.265,9.5,0.062
8,ADV=0.001,STD,56.6,0.106,52.4,0.237,77.8,0.1866,62.2667,0.5296,9.8667,0.0975
9,ADV=0.001,MIT g=0.002 and tau=0.1,40.0,0.1062,20.0,0.0325,44.25,0.0556,34.75,0.1944,14.75,0.054
10,ADV=0.001,MIT g=0.002 and tau=0.3,40.0,0.1062,20.0,0.0325,44.25,0.0556,34.75,0.1944,14.75,0.054
11,ADV=0.001,MIT g=0.007 and tau=0.5,38.6667,0.0789,23.1667,0.0822,45.8333,0.1222,35.8889,0.2833,12.7222,0.067
12,ADV=0.005,STD,87.0,0.035,85.6,0.1134,95.9,0.0224,89.5,0.1708,3.9,0.0191
13,ADV=0.005,MIT g=0.003 and tau=0.1,76.5,0.0634,24.25,0.0547,51.0,0.1625,50.5833,0.2806,26.3333,0.0753
14,ADV=0.005,MIT g=0.010 and tau=0.3,76.3,0.11,25.9,0.2804,50.1,0.3032,50.7667,0.6936,24.8667,0.1377
15,ADV=0.005,MIT g=0.032 and tau=0.5,76.1667,0.0222,28.8333,0.2106,51.5,0.3767,52.1667,0.6094,23.3333,0.133
16,"AUG=0.01, ADV=0.0005",STD,56.4,0.0362,48.8,0.2196,70.0,0.2428,58.4,0.4986,9.6,0.093
17,"AUG=0.01, ADV=0.001",STD,66.9,0.055,64.1,0.219,82.6,0.1434,71.2,0.4174,7.1,0.0661
18,"AUG=0.01, ADV=0.005",STD,91.7,0.06,87.5,0.0552,96.5,0.0032,91.9,0.1184,4.4,0.0211
19,"AUG=0.05, ADV=0.0005",STD,59.3,1.7976,60.3,1.1958,65.3,1.2286,61.6333,4.222,2.3333,0.8081
20,"AUG=0.05, ADV=0.001",STD,66.4,1.5032,64.6,1.742,70.4,1.6482,67.1333,4.8934,2.5333,1.0505
21,"AUG=0.05, ADV=0.005",STD,81.6,1.1312,78.2,1.5578,79.4,1.867,79.7333,4.556,1.5333,0.9994
22,"AUG=0.1, ADV=0.0005",STD,58.0,3.2138,58.2,2.83,59.9,3.5954,58.7,9.6392,0.7,2.1418
23,"AUG=0.1, ADV=0.001",STD,61.0,3.4658,62.1,2.8994,64.1,2.3444,62.4,8.7096,1.4,1.7479
24,"AUG=0.1, ADV=0.005",STD,69.4,3.3944,68.8,3.8586,70.0,3.9178,69.4,11.1708,0.6,2.4374
