,TestSet,Mitigation,ERR^LC,ERR^LC std,ERR^LF,ERR^LF std,ERR^LT,ERR^LT std,ERR,ERR std,CIC,CIC std
0,NOAUG,STD,23.4,0.1189,14.75,0.0503,32.05,0.1807,23.4,0.35,8.65,0.0999
1,NOAUG,MIT gamma=517.95,25.8125,0.2706,14.9375,0.0351,29.3125,0.2451,23.3542,0.5508,8.4167,0.1719
2,ADV=0.0005,STD,34.45,0.1826,25.35,0.0918,43.1,0.2472,34.3,0.5216,8.95,0.1433
3,ADV=0.0005,MIT gamma=138.95,33.5,0.0463,23.5,0.0912,36.75,0.3081,31.25,0.4456,7.75,0.1181
4,ADV=0.001,STD,43.75,0.2689,34.0,0.1075,53.45,0.3007,43.7333,0.6771,9.7333,0.1899
5,ADV=0.001,MIT gamma=138.95,40.5,0.1,28.25,0.0681,41.5,0.4562,36.75,0.6244,8.5,0.1854
6,ADV=0.005,STD,73.25,0.1708,62.6,0.1009,81.75,0.1844,72.5333,0.4562,9.9333,0.1184
7,ADV=0.005,MIT gamma=10.00,72.2,0.113,49.4,0.1152,54.5,0.3062,58.7,0.5344,9.3,0.1397
8,AUG=0.01,STD,34.7,0.2771,34.35,0.2746,38.6,0.2838,35.8833,0.8355,1.5333,0.187
9,AUG=0.01,MIT gamma=138.95,33.25,0.2181,33.25,0.0406,33.75,0.8856,33.4167,1.1444,0.1667,0.3087
10,AUG=0.05,STD,43.8,2.2618,46.6,2.654,47.1,2.3292,45.8333,7.245,2.0333,1.661
11,AUG=0.05,MIT gamma=5.18,45.0,1.2288,45.6,0.8744,47.0,0.063,45.8667,2.1662,0.8667,0.3125
12,AUG=0.1,STD,48.5,3.5959,49.75,3.5109,49.25,3.6414,49.1667,10.7483,0.6667,2.3841
13,AUG=0.1,MIT gamma=268.27,45.5,0.4362,46.25,0.0781,50.25,1.3231,47.3333,1.8375,1.8333,0.4671
14,"AUG=0.01, ADV=0.0005",STD,53.1,0.2882,54.15,0.3935,57.15,0.2266,54.8,0.9084,1.7,0.2067
15,"AUG=0.01, ADV=0.0005",MIT gamma=0.19,48.8333,0.2044,49.3333,0.1444,48.6667,0.5244,48.9444,0.8733,0.2778,0.1163
16,"AUG=0.01, ADV=0.001",STD,64.25,0.2854,64.65,0.2338,70.65,0.2456,66.5167,0.7649,2.2667,0.1598
17,"AUG=0.01, ADV=0.001",MIT gamma=138.95,55.0,0.125,61.0,0.1062,55.25,1.0906,57.0833,1.3219,2.0833,0.399
18,"AUG=0.01, ADV=0.005",STD,88.45,0.0962,88.2,0.0491,92.4,0.0675,89.6833,0.2128,1.4833,0.0546
19,"AUG=0.01, ADV=0.005",MIT gamma=138.95,79.25,0.0531,76.5,0.025,70.75,1.2931,75.5,1.3713,4.75,0.026
20,"AUG=0.05, ADV=0.0005",STD,55.6,1.8,58.3,2.4338,57.05,1.9752,56.9833,6.2091,1.3833,1.4697
21,"AUG=0.05, ADV=0.0005",MIT gamma=138.95,58.0,0.905,56.5,0.2813,57.0,0.8612,57.1667,2.0475,0.6667,0.5888
22,"AUG=0.05, ADV=0.001",STD,63.2,1.7636,65.0,2.1127,66.0,2.3987,64.7333,6.275,1.5333,1.5038
23,"AUG=0.05, ADV=0.001",MIT gamma=268.27,56.75,0.5631,55.25,0.0256,54.25,0.0256,55.4167,0.6144,1.1667,0.1963
24,"AUG=0.05, ADV=0.005",STD,77.8,1.9695,77.05,2.3852,79.0,2.3645,77.95,6.7192,0.9,1.4447
25,"AUG=0.05, ADV=0.005",MIT gamma=5.18,71.2,0.4846,65.7,0.656,64.7,0.9176,67.2,2.0582,2.5,0.3802
26,"AUG=0.1, ADV=0.0005",STD,56.5,3.6415,57.45,3.1201,58.6,3.4398,57.5167,10.2014,1.0167,2.1866
27,"AUG=0.1, ADV=0.0005",MIT gamma=1.39,50.0,0.0,53.5,0.0,54.5,0.0,52.6667,0.0,2.6667,0.0
28,"AUG=0.1, ADV=0.001",STD,62.3,3.3916,62.75,3.4403,60.85,3.706,61.9667,10.538,1.1167,2.2773
29,"AUG=0.1, ADV=0.001",MIT gamma=268.27,54.25,0.2656,52.75,0.0156,55.0,0.545,54.0,0.8262,1.25,0.2702
30,"AUG=0.1, ADV=0.005",STD,68.9,3.6905,71.45,3.4807,71.25,3.9696,70.5333,11.1408,1.6333,2.4834
31,"AUG=0.1, ADV=0.005",MIT gamma=5.18,61.5,0.9308,60.4,1.028,60.4,1.377,60.7667,3.3358,0.3667,0.7693
