,TestSet,Mitigation,ERR^CI,ERR^CI std,ERR^CJ,ERR^CJ std,ERR^CS,ERR^CS std,ERR,ERR std,CIC,CIC std
0,NOAUG,STD,24.15,0.071,20.7,0.0276,40.75,0.1163,28.5333,0.215,7.8333,0.0625
1,AUG=0.01,STD,35.2,0.0963,30.85,0.0945,45.65,0.2741,37.2333,0.4649,6.3833,0.1235
2,AUG=0.05,STD,47.0,0.9115,45.4,0.8416,49.35,1.0205,47.25,2.7737,1.85,0.644
3,AUG=0.1,STD,48.15,1.1445,50.05,1.1942,50.35,1.4035,49.5167,3.7423,1.3667,0.8659
4,ADV=0.0005,STD,41.25,0.2173,34.15,0.0605,62.5,0.1447,45.9667,0.4226,11.8167,0.1207
5,ADV=0.0005,MIT g=0.046 and tau=0.1,31.75,0.0381,20.5,0.1025,51.75,0.1656,34.6667,0.3062,14.1667,0.0679
6,ADV=0.0005,MIT g=0.147 and tau=0.3,32.4,0.1462,24.6,0.0758,53.75,0.1279,36.9167,0.3499,12.3167,0.0914
7,ADV=0.0005,MIT g=0.007 and tau=0.5,31.1667,0.1278,26.5,0.0294,54.0,0.0817,37.2222,0.2389,10.7222,0.0698
8,ADV=0.001,STD,54.65,0.2296,45.85,0.0865,77.25,0.1628,59.25,0.479,13.4,0.1308
9,ADV=0.001,MIT g=0.046 and tau=0.1,42.5,0.025,22.5,0.0812,59.5,0.1862,41.5,0.2925,19.0,0.0704
10,ADV=0.001,MIT g=0.068 and tau=0.3,40.875,0.0898,29.25,0.0759,64.75,0.2456,44.9583,0.4114,15.7083,0.1118
11,ADV=0.001,MIT g=0.007 and tau=0.5,40.8333,0.0772,32.5,0.0111,64.3333,0.1344,45.8889,0.2228,13.3889,0.0706
12,ADV=0.005,STD,85.05,0.0544,79.2,0.1126,97.2,0.0264,87.15,0.1934,7.95,0.0269
13,ADV=0.005,MIT g=0.046 and tau=0.1,77.0,0.0725,35.75,0.0631,76.0,0.1462,62.9167,0.2819,27.1667,0.0729
14,ADV=0.005,MIT g=0.015 and tau=0.3,79.6,0.057,44.6,0.2954,78.2,0.1116,67.4667,0.464,22.8667,0.0562
15,ADV=0.005,MIT g=0.005 and tau=0.5,78.0,0.0325,46.75,0.0081,79.0,0.0762,67.9167,0.1169,21.1667,0.0362
16,"AUG=0.01, ADV=0.0005",STD,52.8,0.2168,47.6,0.1438,68.0,0.2105,56.1333,0.5711,8.5333,0.1425
17,"AUG=0.01, ADV=0.001",STD,65.95,0.1224,58.7,0.1341,82.1,0.1172,68.9167,0.3737,10.2167,0.0799
18,"AUG=0.01, ADV=0.005",STD,90.2,0.0529,85.7,0.0596,97.05,0.0212,90.9833,0.1337,5.2833,0.0247
19,"AUG=0.05, ADV=0.0005",STD,61.25,0.9814,57.5,1.249,61.8,1.0178,60.1833,3.2481,2.6833,0.6664
20,"AUG=0.05, ADV=0.001",STD,66.3,1.0075,63.5,1.2732,68.65,1.3113,66.15,3.592,2.65,0.7729
21,"AUG=0.05, ADV=0.005",STD,79.35,0.9156,75.8,1.335,77.85,1.1365,77.6667,3.3872,1.8667,0.684
22,"AUG=0.1, ADV=0.0005",STD,57.85,1.8746,59.35,2.3596,60.6,2.1266,59.2667,6.3609,1.4167,1.4954
23,"AUG=0.1, ADV=0.001",STD,61.3,2.046,62.15,1.91,62.7,2.4608,62.05,6.4169,0.75,1.4569
24,"AUG=0.1, ADV=0.005",STD,67.35,2.3091,68.75,2.3359,66.5,2.4598,67.5333,7.1048,1.0333,1.5483
