,TS,ERR^LC,ERR^LC std,ERR^LF,ERR^LF std,ERR^LT,ERR^LT std,ERR,ERR std,W_ERR,W_ERR std,CIC,CIC std
0,NOAUG,11.8462,0.7688,15.4231,0.7684,30.9615,1.9176,19.4103,3.4548,12.8776,3.4548,7.5641,0.8953
1,"AUG, g=0.0001",8.6875,0.6318,16.4375,1.4985,28.9375,1.9565,18.0208,4.0868,9.9602,4.0868,9.3333,1.1517
2,"AUG, g=0.00019952623149688788",10.6667,1.2996,16.1667,2.3271,22.5,2.7834,16.4444,6.41,11.4545,6.41,5.7778,1.7035
3,"AUG, g=0.00039810717055349735",11.375,0.8982,17.0625,1.4686,27.875,1.5418,18.7708,3.9086,12.3835,3.9086,7.3958,1.0035
4,"AUG, g=0.0007943282347242813",11.25,2.2981,19.5,2.4749,28.5,4.2426,19.75,9.0156,12.4091,9.0156,8.5,2.2392
5,"AUG, g=0.001584893192461114",11.8889,1.3367,17.8889,1.7179,29.7778,1.749,19.8519,4.8037,12.9747,4.8037,7.963,1.1556
6,"AUG, g=0.0031622776601683794",11.0714,0.9994,16.2857,1.5576,29.6429,1.837,19.0,4.394,12.1526,4.394,7.9286,1.1315
7,"AUG, g=0.00630957344480193",11.375,1.2131,18.4375,1.3115,28.875,1.9112,19.5625,4.4357,12.4915,4.4357,8.1875,1.0742
8,"AUG, g=0.012589254117941675",11.5,2.8284,19.25,3.0052,27.75,2.6517,19.5,8.4853,12.5909,8.4853,8.0,1.8856
9,"AUG, g=0.025118864315095794",11.1,1.1993,17.2,1.5138,29.35,3.1052,19.2167,5.8183,12.2068,5.8183,8.1167,1.5396
10,"AUG, g=0.0501187233627272",10.0,0.3536,17.75,2.2981,29.75,1.9445,19.1667,4.5962,11.25,4.5962,9.1667,1.4142
11,"AUG, g=0.1",11.125,1.0502,16.3125,1.1574,33.375,2.5894,20.2708,4.7969,12.3722,4.7969,9.1458,1.2489
12,"ADV, CLSDIV=0, eps=0.0001",15.0,1.9114,16.6667,1.8404,33.8333,5.6604,21.8333,9.4122,15.9318,9.4122,6.8333,2.5003
13,"ADV, CLSDIV=0, eps=0.000630957344480193",20.3333,6.4021,18.1667,5.8193,34.3333,13.404,24.2778,25.6254,20.8712,25.6254,6.1111,6.602
14,"ADV, CLSDIV=0, eps=0.003981071705534973",15.0,2.3431,19.5,2.6774,39.8333,5.8761,24.7778,10.8966,16.3333,10.8966,9.7778,2.8512
15,"ADV, CLSDIV=0, eps=0.025118864315095822",18.1667,1.6776,21.1667,4.1481,36.1667,2.5348,25.1667,8.3605,19.1212,8.3605,7.0,2.2276
16,"ADV, CLSDIV=0, eps=0.15848931924611143",39.1667,7.8124,40.3333,8.637,49.1667,13.7404,42.8889,30.1899,39.6742,30.1899,3.7222,7.4591
17,"ADV, CLSDIV=0, eps=1.0",32.8333,5.4518,35.1667,8.539,42.6667,10.1368,36.8889,24.1276,33.3864,24.1276,4.0556,6.2253
18,"ADV, CLSDIV=1, eps=0.0001",18.3333,3.6018,17.3333,3.1468,31.6667,2.9679,22.4444,9.7165,18.8939,9.7165,5.1111,2.1899
19,"ADV, CLSDIV=1, eps=0.000630957344480193",13.5,2.6384,20.1667,5.3801,34.6667,5.9123,22.7778,13.9308,14.7652,13.9308,9.2778,3.7641
20,"ADV, CLSDIV=1, eps=0.003981071705534973",15.6667,2.0787,21.0,2.9101,32.5,5.577,23.0556,10.5658,16.6742,10.5658,7.3889,2.829
21,"ADV, CLSDIV=1, eps=0.025118864315095822",22.6667,4.8329,26.1667,5.0193,36.3333,5.3132,28.3889,15.1655,23.447,15.1655,5.7222,3.4442
22,"ADV, CLSDIV=1, eps=0.15848931924611143",38.5,6.0561,43.0,8.3952,39.5,6.0807,40.3333,20.532,38.75,20.532,1.8333,4.8253
23,"ADV, CLSDIV=1, eps=1.0",42.0,6.6676,45.3333,10.3289,43.3333,8.942,43.5556,25.9384,42.2121,25.9384,1.5556,6.4236
24,"TOTAUG, CLSDIV=0, g=0.0001, eps=0.0001",-100.0,0.0,-100.0,0.0,-100.0,0.0,-100.0,0.0,-100.0,0.0,0.0,0.0
25,"TOTAUG, CLSDIV=0, g=0.0001, eps=0.0031622776601683794",-100.0,0.0,-100.0,0.0,-100.0,0.0,-100.0,0.0,-100.0,0.0,0.0,0.0
26,"TOTAUG, CLSDIV=0, g=0.0001, eps=0.1",-100.0,0.0,-100.0,0.0,-100.0,0.0,-100.0,0.0,-100.0,0.0,0.0,0.0
27,"TOTAUG, CLSDIV=0, g=0.0031622776601683794, eps=0.0001",-100.0,0.0,-100.0,0.0,-100.0,0.0,-100.0,0.0,-100.0,0.0,0.0,0.0
28,"TOTAUG, CLSDIV=0, g=0.0031622776601683794, eps=0.0031622776601683794",-100.0,0.0,-100.0,0.0,-100.0,0.0,-100.0,0.0,-100.0,0.0,0.0,0.0
29,"TOTAUG, CLSDIV=0, g=0.0031622776601683794, eps=0.1",-100.0,0.0,-100.0,0.0,-100.0,0.0,-100.0,0.0,-100.0,0.0,0.0,0.0
30,"TOTAUG, CLSDIV=0, g=0.1, eps=0.0001",-100.0,0.0,-100.0,0.0,-100.0,0.0,-100.0,0.0,-100.0,0.0,0.0,0.0
31,"TOTAUG, CLSDIV=0, g=0.1, eps=0.0031622776601683794",-100.0,0.0,-100.0,0.0,-100.0,0.0,-100.0,0.0,-100.0,0.0,0.0,0.0
32,"TOTAUG, CLSDIV=0, g=0.1, eps=0.1",-100.0,0.0,-100.0,0.0,-100.0,0.0,-100.0,0.0,-100.0,0.0,0.0,0.0
33,"TOTAUG, CLSDIV=1, g=0.0001, eps=0.0001",-100.0,0.0,-100.0,0.0,-100.0,0.0,-100.0,0.0,-100.0,0.0,0.0,0.0
34,"TOTAUG, CLSDIV=1, g=0.0001, eps=0.0031622776601683794",-100.0,0.0,-100.0,0.0,-100.0,0.0,-100.0,0.0,-100.0,0.0,0.0,0.0
35,"TOTAUG, CLSDIV=1, g=0.0001, eps=0.1",-100.0,0.0,-100.0,0.0,-100.0,0.0,-100.0,0.0,-100.0,0.0,0.0,0.0
36,"TOTAUG, CLSDIV=1, g=0.0031622776601683794, eps=0.0001",-100.0,0.0,-100.0,0.0,-100.0,0.0,-100.0,0.0,-100.0,0.0,0.0,0.0
37,"TOTAUG, CLSDIV=1, g=0.0031622776601683794, eps=0.0031622776601683794",-100.0,0.0,-100.0,0.0,-100.0,0.0,-100.0,0.0,-100.0,0.0,0.0,0.0
38,"TOTAUG, CLSDIV=1, g=0.0031622776601683794, eps=0.1",-100.0,0.0,-100.0,0.0,-100.0,0.0,-100.0,0.0,-100.0,0.0,0.0,0.0
39,"TOTAUG, CLSDIV=1, g=0.1, eps=0.0001",-100.0,0.0,-100.0,0.0,-100.0,0.0,-100.0,0.0,-100.0,0.0,0.0,0.0
40,"TOTAUG, CLSDIV=1, g=0.1, eps=0.0031622776601683794",-100.0,0.0,-100.0,0.0,-100.0,0.0,-100.0,0.0,-100.0,0.0,0.0,0.0
41,"TOTAUG, CLSDIV=1, g=0.1, eps=0.1",-100.0,0.0,-100.0,0.0,-100.0,0.0,-100.0,0.0,-100.0,0.0,0.0,0.0
