,TestSet,Mitigation,ERR^CI,ERR^CI std,ERR^CJ,ERR^CJ std,ERR^CS,ERR^CS std,ERR,ERR std,CIC,CIC std
0,NOAUG,STD,27.1111,0.1922,25.3333,0.1748,42.6667,0.1194,31.7037,0.4864,6.3704,0.1039
1,NOAUG,MIT g=0.010,21.1,0.0584,18.8,0.1798,39.3,0.32,26.4,0.5582,7.6,0.1261
2,AUG=0.01,STD,37.8333,0.1609,34.7222,0.1593,46.0556,0.136,39.537,0.4562,4.8148,0.099
3,AUG=0.01,MIT g=0.001,34.875,0.0723,29.5,0.0997,42.875,0.1992,35.75,0.3713,6.25,0.0905
4,AUG=0.05,STD,49.2222,1.7964,46.8333,1.8164,48.9444,1.8362,48.3333,5.449,1.5,1.2109
5,AUG=0.05,MIT g=0.001,46.125,0.0386,43.25,0.0872,45.75,2.2584,45.0417,2.3842,1.7917,0.7657
6,AUG=0.1,STD,48.8889,3.6758,49.6667,3.6756,49.1667,3.379,49.2407,10.7304,0.3519,2.3515
7,AUG=0.1,MIT g=0.100,48.9286,0.0497,46.8571,1.4033,48.1429,1.3242,47.9762,2.7771,1.119,0.458
8,ADV=0.0005,STD,44.4444,0.2523,41.1667,0.2429,66.9444,0.0651,50.8519,0.5604,9.6852,0.1058
9,ADV=0.0005,MIT g=0.010,32.0,0.0692,24.4,0.1432,54.6,0.3034,37.0,0.5158,12.6,0.1242
10,ADV=0.001,STD,57.0556,0.2149,52.5556,0.2477,79.3889,0.0649,63.0,0.5274,10.4444,0.0933
11,ADV=0.001,MIT g=0.068,43.5,0.0447,27.75,0.1769,65.125,0.5548,45.4583,0.7764,17.7083,0.1998
12,ADV=0.005,STD,86.3333,0.0722,84.3889,0.1377,97.3333,0.0181,89.3519,0.228,4.963,0.0301
13,ADV=0.005,MIT g=0.001,76.125,0.0473,47.125,0.3467,81.0,0.1572,68.0833,0.5512,20.9583,0.0682
14,"AUG=0.01, ADV=0.0005",STD,58.5,0.1528,50.1667,0.2106,68.8333,0.3238,59.1667,0.6872,9.0,0.1589
15,"AUG=0.01, ADV=0.0005",MIT g=0.010,45.4,0.126,37.4,0.36,60.3,0.2756,47.7,0.7616,10.3,0.1339
16,"AUG=0.01, ADV=0.001",STD,70.8333,0.2033,63.4444,0.2478,81.1111,0.1272,71.7963,0.5783,8.3519,0.1101
17,"AUG=0.01, ADV=0.001",MIT g=0.068,60.0,0.0538,41.25,0.1697,68.625,0.678,56.625,0.9014,15.375,0.2439
18,"AUG=0.01, ADV=0.005",STD,93.0,0.0333,88.5556,0.0973,96.6111,0.0371,92.7222,0.1677,4.1667,0.0235
19,"AUG=0.01, ADV=0.005",MIT g=0.007,86.3333,0.0372,58.0,0.2917,82.0,0.3144,75.4444,0.6433,17.4444,0.1172
20,"AUG=0.05, ADV=0.0005",STD,63.6667,1.514,64.7778,1.7769,66.7778,1.6582,65.0741,4.9491,1.4074,1.145
21,"AUG=0.05, ADV=0.0005",MIT g=0.007,53.0,1.1244,49.5,0.4828,53.8333,4.4006,52.1111,6.0078,2.6111,1.8417
22,"AUG=0.05, ADV=0.001",STD,71.8333,1.6194,67.8333,1.4523,72.3889,1.6369,70.6852,4.7086,2.8519,1.0854
23,"AUG=0.05, ADV=0.001",MIT g=0.015,63.2,0.2076,55.4,0.277,60.3,1.817,59.6333,2.3016,4.2333,0.6749
24,"AUG=0.05, ADV=0.005",STD,82.7222,1.2486,83.3333,1.315,82.3333,1.6216,82.7963,4.1852,0.463,0.8545
25,"AUG=0.05, ADV=0.005",MIT g=0.068,72.375,1.9255,64.375,2.038,67.375,3.5411,68.0417,7.5045,3.6667,1.8222
26,"AUG=0.1, ADV=0.0005",STD,60.7222,3.0392,62.6667,3.2242,63.7222,2.7842,62.3704,9.0476,1.6481,2.0028
27,"AUG=0.1, ADV=0.0005",MIT g=0.002,53.75,0.0081,51.25,0.3831,54.5,0.025,53.1667,0.4163,1.9167,0.011
28,"AUG=0.1, ADV=0.001",STD,66.3889,2.9288,65.8889,2.6578,67.6667,2.9005,66.6481,8.4872,0.7593,1.9431
29,"AUG=0.1, ADV=0.001",MIT g=0.015,60.9,0.6304,52.8,0.0776,52.3,3.098,55.3333,3.806,3.0333,0.236
30,"AUG=0.1, ADV=0.005",STD,72.7778,2.8873,73.2778,2.6141,74.6667,2.4599,73.5741,7.9614,0.7963,1.6914
31,"AUG=0.1, ADV=0.005",MIT g=0.001,65.125,0.0455,55.875,0.0655,62.75,3.7169,61.25,3.8278,5.375,1.2541
