,TestSet,Mitigation,ERR^LC,ERR^LC std,ERR^LF,ERR^LF std,ERR^LT,ERR^LT std,ERR,ERR std,CIC,CIC std
0,NOAUG,STD,17.55,0.0777,21.15,0.0925,28.7,0.1098,22.4667,0.2801,4.9167,0.0675
1,AUG=0.01,STD,28.25,0.2009,32.8,0.4121,37.15,0.422,32.7333,1.035,4.4833,0.278
2,AUG=0.05,STD,41.85,1.056,43.1,1.7231,45.0,1.6184,43.3167,4.3976,1.4667,1.1139
3,AUG=0.1,STD,45.1,1.789,44.8,1.5008,45.15,1.6851,45.0167,4.975,0.2167,1.158
4,ADV=0.0005,STD,28.55,0.0977,32.8,0.1701,41.55,0.2417,34.3,0.5095,5.75,0.1373
5,ADV=0.0005,MIT g=0.005 and tau=0.1,22.75,0.0181,31.5,0.1562,32.75,0.0731,29.0,0.2475,6.25,0.0765
6,ADV=0.0005,MIT g=0.002 and tau=0.3,25.375,0.0123,28.75,0.0844,31.125,0.1111,28.4167,0.2078,3.0417,0.0652
7,ADV=0.0005,MIT g=0.002 and tau=0.5,25.375,0.0123,28.75,0.0844,31.125,0.1111,28.4167,0.2078,3.0417,0.0652
8,ADV=0.001,STD,38.0,0.186,40.9,0.1759,52.1,0.285,43.6667,0.6468,5.6667,0.1536
9,ADV=0.001,MIT g=0.068 and tau=0.1,29.0,0.0912,36.5,0.265,35.75,0.0081,33.75,0.3644,4.75,0.091
10,ADV=0.001,MIT g=0.147 and tau=0.3,31.125,0.1248,35.5625,0.1796,36.4375,0.0909,34.375,0.3954,3.25,0.0902
11,ADV=0.001,MIT g=0.147 and tau=0.5,31.125,0.1248,35.5625,0.1796,36.4375,0.0909,34.375,0.3954,3.25,0.0902
12,ADV=0.005,STD,69.65,0.0986,66.6,0.1629,80.45,0.1712,72.2333,0.4328,5.6333,0.09
13,ADV=0.005,MIT g=0.147 and tau=0.1,60.0,0.1356,53.8125,0.2031,51.875,0.0952,55.2292,0.4339,3.3542,0.1129
14,ADV=0.005,MIT g=0.147 and tau=0.3,60.0,0.1356,53.8125,0.2031,51.875,0.0952,55.2292,0.4339,3.3542,0.1129
15,ADV=0.005,MIT g=0.005 and tau=0.5,58.0,0.0162,55.5,0.3813,56.0,0.0512,56.5,0.4488,1.0,0.0225
16,"AUG=0.01, ADV=0.0005",STD,49.5,0.2643,55.7,0.4309,59.25,0.4508,54.8167,1.146,5.3167,0.2939
17,"AUG=0.01, ADV=0.001",STD,60.1,0.1712,69.35,0.2841,70.15,0.2975,66.5333,0.7529,6.4333,0.1939
18,"AUG=0.01, ADV=0.005",STD,87.65,0.0726,87.75,0.0793,92.4,0.055,89.2667,0.207,1.6167,0.0448
19,"AUG=0.05, ADV=0.0005",STD,65.0,0.3517,67.45,0.4632,71.0,0.476,67.8167,1.2909,2.8167,0.3131
20,"AUG=0.05, ADV=0.001",STD,69.3,0.565,72.1,0.711,73.2,0.5833,71.5333,1.8592,2.2333,0.4314
21,"AUG=0.05, ADV=0.005",STD,80.5,1.2163,81.85,0.9105,82.05,1.1444,81.4667,3.2713,0.9667,0.685
22,"AUG=0.1, ADV=0.0005",STD,65.2,0.3063,70.3,0.4013,69.3,0.4578,68.2667,1.1655,3.0667,0.2864
23,"AUG=0.1, ADV=0.001",STD,68.25,0.8278,68.9,0.879,71.55,0.9651,69.5667,2.672,1.3167,0.6147
24,"AUG=0.1, ADV=0.005",STD,73.25,1.7293,78.35,1.343,76.4,1.6132,76.0,4.6856,2.75,0.9854
