,TestSet,Mitigation,ERR^CI,ERR^CI std,ERR^CJ,ERR^CJ std,ERR^CS,ERR^CS std,ERR,ERR std,CIC,CIC std
0,NOAUG,STD,33.1667,0.2362,19.3889,0.0654,48.7778,0.5042,33.7778,0.8059,14.3889,0.2468
1,AUG=0.01,STD,38.8889,0.2738,29.5,0.1177,50.8889,0.3891,39.7593,0.7807,10.2593,0.221
2,AUG=0.05,STD,45.8889,1.2606,41.6667,1.265,48.0,1.0485,45.1852,3.5741,3.5185,0.7697
3,AUG=0.1,STD,46.0,2.1757,43.7778,1.8901,50.1111,1.5588,46.6296,5.6246,2.8519,1.2448
4,ADV=0.0005,STD,51.2778,0.3952,30.0556,0.1558,69.3889,0.4334,50.2407,0.9844,20.1852,0.2762
5,ADV=0.0005,MIT g=0.068 and tau=0.1,39.375,0.2105,16.0,0.0522,41.5,0.1387,32.2917,0.4014,16.2917,0.1164
6,ADV=0.0005,MIT g=0.005 and tau=0.3,36.0,0.0813,18.0,0.0325,44.75,0.1906,32.9167,0.3044,14.9167,0.0906
7,ADV=0.0005,MIT g=0.005 and tau=0.5,36.0,0.0813,18.0,0.0325,44.75,0.1906,32.9167,0.3044,14.9167,0.0906
8,ADV=0.001,STD,64.0556,0.2696,40.8889,0.1834,82.3889,0.3138,62.4444,0.7668,21.5556,0.1945
9,ADV=0.001,MIT g=0.068 and tau=0.1,49.625,0.2117,16.5,0.0484,43.0,0.1425,36.375,0.4027,19.875,0.1181
10,ADV=0.001,MIT g=0.001 and tau=0.3,45.9167,0.087,17.5,0.0961,46.0833,0.2395,36.5,0.4226,19.0,0.1088
11,ADV=0.001,MIT g=0.001 and tau=0.5,45.9167,0.087,17.5,0.0961,46.0833,0.2395,36.5,0.4226,19.0,0.1088
12,ADV=0.005,STD,89.5,0.0783,75.3333,0.2756,98.0556,0.0135,87.6296,0.3673,12.2963,0.0306
13,ADV=0.005,MIT g=0.100 and tau=0.1,75.5,0.0625,24.0,0.1525,51.25,0.0531,50.25,0.2681,26.25,0.0385
14,ADV=0.005,MIT g=0.100 and tau=0.3,75.5,0.0625,24.0,0.1525,51.25,0.0531,50.25,0.2681,26.25,0.0385
15,ADV=0.005,MIT g=0.100 and tau=0.5,75.5,0.0625,24.0,0.1525,51.25,0.0531,50.25,0.2681,26.25,0.0385
16,"AUG=0.01, ADV=0.0005",STD,58.4444,0.1362,43.4444,0.1252,71.4444,0.1551,57.7778,0.4165,14.3333,0.0971
17,"AUG=0.01, ADV=0.001",STD,70.7222,0.2325,55.7778,0.171,83.2778,0.1164,69.9259,0.5199,14.1481,0.1163
18,"AUG=0.01, ADV=0.005",STD,93.4444,0.0429,82.8333,0.1285,96.6667,0.0233,90.9815,0.1946,8.1481,0.0221
19,"AUG=0.05, ADV=0.0005",STD,66.2222,0.5582,59.2778,0.9615,68.3333,1.2572,64.6111,2.777,5.3333,0.6051
20,"AUG=0.05, ADV=0.001",STD,67.5556,1.0619,61.0556,1.3735,74.6111,1.1651,67.7407,3.6004,6.6852,0.7423
21,"AUG=0.05, ADV=0.005",STD,83.2778,0.7362,76.6111,1.2977,83.0,1.034,80.963,3.0679,4.3519,0.5901
22,"AUG=0.1, ADV=0.0005",STD,64.5556,1.1636,63.2222,1.176,68.4444,0.9136,65.4074,3.2531,2.1852,0.6924
23,"AUG=0.1, ADV=0.001",STD,65.2778,1.2706,61.2222,1.896,66.3333,1.4533,64.2778,4.6199,3.0556,0.908
24,"AUG=0.1, ADV=0.005",STD,75.6111,1.7694,73.5,1.4028,75.6667,1.5503,74.9259,4.7225,1.4259,1.1066
