,TestSet,Mitigation,ERR^LC,ERR^LC std,ERR^LF,ERR^LF std,ERR^LT,ERR^LT std,ERR,ERR std,CIC,CIC std
0,NOAUG,STD,25.2,0.0958,18.0,0.0859,27.7,0.2018,23.6333,0.3836,5.6333,0.0992
1,AUG=0.01,STD,36.3,0.2172,35.35,0.209,38.15,0.1856,36.6,0.6119,1.25,0.1343
2,AUG=0.05,STD,46.45,2.9754,43.85,2.3941,47.0,2.4601,45.7667,7.8296,1.9167,1.8118
3,AUG=0.1,STD,48.4,4.8945,48.75,4.7518,48.75,4.3991,48.6333,14.0454,0.2333,3.0503
4,ADV=0.0005,STD,34.85,0.1931,28.7,0.0889,37.8,0.2638,33.7833,0.5458,5.0833,0.1523
5,ADV=0.0005,MIT g=0.010 and tau=0.1,33.3,0.272,21.7,0.0346,28.6,0.107,27.8667,0.4136,6.1667,0.1263
6,ADV=0.0005,MIT g=0.010 and tau=0.3,33.3,0.272,21.7,0.0346,28.6,0.107,27.8667,0.4136,6.1667,0.1263
7,ADV=0.0005,MIT g=0.003 and tau=0.5,33.5,0.2162,24.0,0.0025,30.75,0.0181,29.4167,0.2369,5.4167,0.0781
8,ADV=0.001,STD,45.25,0.2073,36.85,0.1191,48.4,0.2896,43.5,0.6161,6.65,0.1657
9,ADV=0.001,MIT g=0.010 and tau=0.1,41.5,0.249,28.1,0.0584,33.6,0.0942,34.4,0.4016,6.3,0.1144
10,ADV=0.001,MIT g=0.100 and tau=0.3,40.25,0.0106,29.0,0.01,36.25,0.1956,35.1667,0.2162,6.1667,0.0687
11,ADV=0.001,MIT g=0.003 and tau=0.5,40.25,0.1981,31.0,0.0013,37.0,0.05,36.0833,0.2494,5.0833,0.0827
12,ADV=0.005,STD,74.05,0.1672,64.65,0.113,80.35,0.1598,73.0167,0.4401,8.3667,0.109
13,ADV=0.005,MIT g=0.002 and tau=0.1,69.875,0.0911,48.25,0.1984,52.0,0.0497,56.7083,0.3392,8.4583,0.0469
14,ADV=0.005,MIT g=0.001 and tau=0.3,69.0,0.0172,49.9,0.0982,54.8,0.2098,57.9,0.3252,8.0,0.0757
15,ADV=0.005,MIT g=0.046 and tau=0.5,68.1667,0.2556,50.25,0.1376,54.6667,0.3349,57.6944,0.728,7.4444,0.1968
16,"AUG=0.01, ADV=0.0005",STD,51.85,0.105,55.1,0.1468,59.25,0.2231,55.4,0.4749,3.55,0.1233
17,"AUG=0.01, ADV=0.001",STD,64.6,0.2567,67.15,0.1013,68.15,0.2441,66.6333,0.6022,2.0333,0.1151
18,"AUG=0.01, ADV=0.005",STD,89.5,0.0678,88.35,0.0945,93.1,0.054,90.3167,0.2163,1.9667,0.0406
19,"AUG=0.05, ADV=0.0005",STD,58.6,2.0782,57.95,2.0047,56.6,2.5169,57.7167,6.5999,1.1167,1.361
20,"AUG=0.05, ADV=0.001",STD,63.5,2.0002,64.35,1.892,62.7,2.175,63.5167,6.0672,0.8167,1.2974
21,"AUG=0.05, ADV=0.005",STD,75.95,2.0221,75.55,1.7072,75.2,2.0373,75.5667,5.7667,0.3667,1.2431
22,"AUG=0.1, ADV=0.0005",STD,55.05,3.9356,54.9,3.9309,55.0,4.1283,54.9833,11.9948,0.0833,2.688
23,"AUG=0.1, ADV=0.001",STD,59.5,3.3896,60.0,3.9132,60.6,3.6142,60.0333,10.9169,0.5333,2.5091
24,"AUG=0.1, ADV=0.005",STD,68.9,3.7612,69.55,3.5421,68.85,3.61,69.1,10.9134,0.25,2.4345
