,TS,ERR^LC,ERR^LC std,ERR^LF,ERR^LF std,ERR^LT,ERR^LT std,ERR,ERR std,W_ERR,W_ERR std,CIC,CIC std
0,NOAUG,18.3846,1.4135,10.4615,0.9566,24.9231,2.0047,17.9231,4.3748,11.479,4.3748,7.4615,1.1394
1,"AUG, g=0.0001",15.9375,1.7187,10.5,1.2141,26.25,3.5888,17.5625,6.5215,11.4631,6.5215,7.0625,1.7692
2,"AUG, g=0.00019952623149688788",19.6667,3.778,11.1667,1.8024,24.1667,4.2958,18.3333,9.8762,12.1439,9.8762,7.1667,2.6913
3,"AUG, g=0.00039810717055349735",16.0,1.5745,8.6667,0.9532,24.8333,2.286,16.5,4.8137,9.7348,4.8137,7.8333,1.2868
4,"AUG, g=0.0007943282347242813",12.5,0.0,11.0,0.0,19.5,0.0,14.3333,0.0,11.4545,0.0,3.3333,0.0
5,"AUG, g=0.001584893192461114",16.4286,2.1201,10.2143,0.914,23.7143,2.6005,16.7857,5.6346,11.1104,5.6346,6.5714,1.5735
6,"AUG, g=0.0031622776601683794",-100.0,0.0,-100.0,0.0,-100.0,0.0,-100.0,0.0,-100.0,0.0,0.0,0.0
7,"AUG, g=0.00630957344480193",14.5,1.3027,9.0,1.5629,22.8571,1.4173,15.4524,4.283,9.8799,4.283,6.4524,0.9067
8,"AUG, g=0.012589254117941675",-100.0,0.0,-100.0,0.0,-100.0,0.0,-100.0,0.0,-100.0,0.0,0.0,0.0
9,"AUG, g=0.025118864315095794",17.25,1.7417,11.3125,0.9429,21.6875,2.02,16.75,4.7046,12.054,4.7046,5.4375,1.2539
10,"AUG, g=0.0501187233627272",12.5,0.0,8.0,0.0,25.0,0.0,15.1667,0.0,8.9773,0.0,7.1667,0.0
11,"AUG, g=0.1",16.3125,1.2648,12.0,1.5699,21.4375,2.2459,16.5833,5.0806,12.625,5.0806,4.5833,1.1702
