,TestSet,Mitigation,ERR^LC,ERR^LC std,ERR^LF,ERR^LF std,ERR^LT,ERR^LT std,ERR,ERR std,CIC,CIC std
0,NOAUG,STD,40.05,0.5919,33.65,0.5751,19.4,0.228,31.0333,1.3951,11.6333,0.389
1,AUG=0.01,STD,43.0,0.5236,40.25,0.5359,31.85,0.229,38.3667,1.2885,6.5167,0.3532
2,AUG=0.05,STD,49.05,1.1886,45.8,1.3501,44.7,0.8401,46.5167,3.3788,1.8167,0.8462
3,AUG=0.1,STD,49.45,1.4691,47.35,1.9145,45.4,1.3324,47.4,4.7161,2.0,1.1279
4,ADV=0.0005,STD,54.85,0.7118,49.2,0.7805,29.2,0.4136,44.4167,1.9059,15.2167,0.4974
5,ADV=0.0005,MIT g=0.022 and tau=0.1,34.3333,0.1939,30.5,0.1511,14.5,0.0078,26.4444,0.3528,11.9444,0.115
6,ADV=0.0005,MIT g=0.003 and tau=0.3,37.5,0.4062,29.25,0.1231,16.25,0.0231,27.6667,0.5525,11.4167,0.1765
7,ADV=0.0005,MIT g=0.003 and tau=0.5,37.5,0.4062,29.25,0.1231,16.25,0.0231,27.6667,0.5525,11.4167,0.1765
8,ADV=0.001,STD,64.3,0.5476,58.1,0.7538,37.35,0.5733,53.25,1.8746,15.9,0.4338
9,ADV=0.001,MIT g=0.022 and tau=0.1,44.8333,0.0878,30.5,0.1,15.1667,0.0122,30.1667,0.2,15.0,0.0626
10,ADV=0.001,MIT g=0.003 and tau=0.3,44.25,0.4006,30.5,0.1413,16.0,0.0225,30.25,0.5644,14.25,0.1806
11,ADV=0.001,MIT g=0.003 and tau=0.5,44.25,0.4006,30.5,0.1413,16.0,0.0225,30.25,0.5644,14.25,0.1806
12,ADV=0.005,STD,85.85,0.3015,80.1,0.3801,68.6,0.573,78.1833,1.2547,9.5833,0.2272
13,ADV=0.005,MIT g=0.003 and tau=0.1,71.5,0.205,31.75,0.2656,18.75,0.0156,40.6667,0.4863,21.9167,0.1569
14,ADV=0.005,MIT g=0.003 and tau=0.3,71.5,0.205,31.75,0.2656,18.75,0.0156,40.6667,0.4863,21.9167,0.1569
15,ADV=0.005,MIT g=0.003 and tau=0.5,71.5,0.205,31.75,0.2656,18.75,0.0156,40.6667,0.4863,21.9167,0.1569
16,"AUG=0.01, ADV=0.0005",STD,63.8,0.3722,62.15,0.6916,50.3,0.2951,58.75,1.359,8.45,0.3546
17,"AUG=0.01, ADV=0.001",STD,75.6,0.3144,72.3,0.4578,60.8,0.3906,69.5667,1.1628,8.7667,0.2574
18,"AUG=0.01, ADV=0.005",STD,92.9,0.1273,90.85,0.1746,88.7,0.1893,90.8167,0.4912,2.1167,0.1006
19,"AUG=0.05, ADV=0.0005",STD,67.1,0.8694,67.15,0.7376,66.05,0.6472,66.7667,2.2542,0.7167,0.5357
20,"AUG=0.05, ADV=0.001",STD,72.7,0.8639,73.7,0.6518,68.75,0.9444,71.7167,2.4601,2.9667,0.5052
21,"AUG=0.05, ADV=0.005",STD,79.4,1.2472,79.45,1.4961,80.75,1.2269,79.8667,3.9703,0.4667,0.9077
22,"AUG=0.1, ADV=0.0005",STD,67.35,0.8533,67.4,0.9424,67.05,0.8494,67.2667,2.6452,0.2167,0.5986
23,"AUG=0.1, ADV=0.001",STD,71.65,0.986,72.45,1.0259,70.7,1.1456,71.6,3.1575,0.9,0.6707
24,"AUG=0.1, ADV=0.005",STD,73.6,1.6477,74.5,2.3336,73.85,1.9003,73.9833,5.8816,0.3833,1.4113
