,TS,ERR^LC,ERR^LC std,ERR^LF,ERR^LF std,ERR^LT,ERR^LT std,ERR,ERR std,W_ERR,W_ERR std,CIC,CIC std
0,NOAUG,24.45,2.2816,24.45,1.8512,8.3,0.5597,19.0667,4.6926,9.7682,4.6926,10.7667,1.3776
1,"AUG, g=0.0001",21.1667,1.4429,21.4444,1.8467,9.3889,0.9367,17.3333,4.2263,10.4722,4.2263,7.9444,1.0965
2,"AUG, g=0.00019952623149688788",18.5,3.4413,23.3333,1.821,9.3333,1.7441,17.0556,7.0064,10.3864,7.0064,7.7222,1.7541
3,"AUG, g=0.00039810717055349735",21.9375,1.6753,20.75,2.4201,8.25,0.8687,16.9792,4.9641,9.4403,4.9641,8.7292,1.3651
4,"AUG, g=0.0007943282347242813",19.0,1.4142,16.5,0.7071,7.0,0.7071,14.1667,2.8284,7.9773,2.8284,7.1667,0.7071
5,"AUG, g=0.001584893192461114",20.4375,1.904,21.0,2.3848,11.0625,1.0571,17.5,5.3459,11.9403,5.3459,6.4375,1.4296
6,"AUG, g=0.0031622776601683794",21.2143,2.3916,20.2857,2.3845,9.8571,1.2391,17.119,6.0152,10.8474,6.0152,7.2619,1.5921
7,"AUG, g=0.00630957344480193",21.5714,2.8692,20.7143,2.6932,11.0714,0.9616,17.7857,6.5239,11.987,6.5239,6.7143,1.8541
8,"AUG, g=0.012589254117941675",20.6667,2.0233,22.75,2.7874,10.0833,1.0885,17.8333,5.8991,11.1402,5.8991,7.75,1.6035
9,"AUG, g=0.025118864315095794",20.75,1.8259,18.5,1.4116,10.25,0.9857,16.5,4.2233,11.1023,4.2233,6.25,1.0792
10,"AUG, g=0.0501187233627272",20.6667,1.3608,20.5,1.095,13.3333,0.3718,18.1667,2.8276,13.9924,2.8276,4.8333,0.8186
11,"AUG, g=0.1",21.4375,2.5498,19.6875,1.177,12.375,1.2395,17.8333,4.9663,13.1193,4.9663,5.4583,1.2423
12,"ADV, CLSDIV=0, eps=0.0001",25.625,2.0962,22.75,0.7846,13.9375,1.4647,20.7708,4.3456,14.8693,4.3456,6.8333,0.9603
13,"ADV, CLSDIV=0, eps=0.000630957344480193",23.8125,1.9781,21.75,1.9394,15.125,0.8484,20.2292,4.7659,15.821,4.7659,5.1042,1.3058
14,"ADV, CLSDIV=0, eps=0.003981071705534973",23.8125,2.0939,20.0,1.5507,12.875,1.2761,18.8958,4.9208,13.696,4.9208,6.0208,1.2149
15,"ADV, CLSDIV=0, eps=0.025118864315095822",29.1875,1.904,23.9375,2.3445,15.375,1.2737,22.8333,5.5221,16.392,5.5221,7.4583,1.4161
16,"ADV, CLSDIV=0, eps=0.15848931924611143",40.5,4.3196,42.9375,6.7899,26.0,3.0381,36.4792,14.1476,27.429,14.1476,10.4792,3.7032
17,"ADV, CLSDIV=0, eps=1.0",51.5,9.5777,50.875,10.5177,52.3125,12.3758,51.5625,32.4712,52.2102,32.4712,0.6875,7.3178
18,"ADV, CLSDIV=1, eps=0.0001",22.5714,1.4034,20.9286,1.5421,13.0714,1.5478,18.8571,4.4933,13.8604,4.4933,5.7857,0.9818
19,"ADV, CLSDIV=1, eps=0.000630957344480193",26.0,2.318,24.4286,1.6733,13.5,1.1024,21.3095,5.0937,14.5649,5.0937,7.8095,1.3304
20,"ADV, CLSDIV=1, eps=0.003981071705534973",24.3571,1.5526,23.8571,3.733,14.5,1.3818,20.9048,6.6674,15.3734,6.6674,6.4048,1.7619
21,"ADV, CLSDIV=1, eps=0.025118864315095822",30.0,1.9101,28.5,2.0207,17.1429,1.5155,25.2143,5.4462,18.2435,5.4462,8.0714,1.3102
22,"ADV, CLSDIV=1, eps=0.15848931924611143",42.3571,1.8828,42.9286,5.123,33.5,4.4056,39.5952,11.4115,34.3312,11.4115,6.0952,2.3353
23,"ADV, CLSDIV=1, eps=1.0",46.6429,10.9344,50.5,12.7284,50.2857,15.6769,49.1429,39.3397,50.1299,39.3397,2.5,9.4684
24,"TOTAUG, CLSDIV=0, g=0.0001, eps=0.0001",-100.0,0.0,-100.0,0.0,-100.0,0.0,-100.0,0.0,-100.0,0.0,0.0,0.0
25,"TOTAUG, CLSDIV=0, g=0.0001, eps=0.000630957344480193",-100.0,0.0,-100.0,0.0,-100.0,0.0,-100.0,0.0,-100.0,0.0,0.0,0.0
26,"TOTAUG, CLSDIV=0, g=0.0001, eps=0.003981071705534973",-100.0,0.0,-100.0,0.0,-100.0,0.0,-100.0,0.0,-100.0,0.0,0.0,0.0
27,"TOTAUG, CLSDIV=0, g=0.0001, eps=0.025118864315095822",-100.0,0.0,-100.0,0.0,-100.0,0.0,-100.0,0.0,-100.0,0.0,0.0,0.0
28,"TOTAUG, CLSDIV=0, g=0.0001, eps=0.15848931924611143",-100.0,0.0,-100.0,0.0,-100.0,0.0,-100.0,0.0,-100.0,0.0,0.0,0.0
29,"TOTAUG, CLSDIV=0, g=0.0001, eps=1.0",-100.0,0.0,-100.0,0.0,-100.0,0.0,-100.0,0.0,-100.0,0.0,0.0,0.0
30,"TOTAUG, CLSDIV=0, g=0.00019952623149688788, eps=0.0001",-100.0,0.0,-100.0,0.0,-100.0,0.0,-100.0,0.0,-100.0,0.0,0.0,0.0
31,"TOTAUG, CLSDIV=0, g=0.00019952623149688788, eps=0.000630957344480193",-100.0,0.0,-100.0,0.0,-100.0,0.0,-100.0,0.0,-100.0,0.0,0.0,0.0
32,"TOTAUG, CLSDIV=0, g=0.00019952623149688788, eps=0.003981071705534973",-100.0,0.0,-100.0,0.0,-100.0,0.0,-100.0,0.0,-100.0,0.0,0.0,0.0
33,"TOTAUG, CLSDIV=0, g=0.00019952623149688788, eps=0.025118864315095822",-100.0,0.0,-100.0,0.0,-100.0,0.0,-100.0,0.0,-100.0,0.0,0.0,0.0
34,"TOTAUG, CLSDIV=0, g=0.00019952623149688788, eps=0.15848931924611143",-100.0,0.0,-100.0,0.0,-100.0,0.0,-100.0,0.0,-100.0,0.0,0.0,0.0
35,"TOTAUG, CLSDIV=0, g=0.00019952623149688788, eps=1.0",-100.0,0.0,-100.0,0.0,-100.0,0.0,-100.0,0.0,-100.0,0.0,0.0,0.0
36,"TOTAUG, CLSDIV=0, g=0.00039810717055349735, eps=0.0001",-100.0,0.0,-100.0,0.0,-100.0,0.0,-100.0,0.0,-100.0,0.0,0.0,0.0
37,"TOTAUG, CLSDIV=0, g=0.00039810717055349735, eps=0.000630957344480193",-100.0,0.0,-100.0,0.0,-100.0,0.0,-100.0,0.0,-100.0,0.0,0.0,0.0
38,"TOTAUG, CLSDIV=0, g=0.00039810717055349735, eps=0.003981071705534973",-100.0,0.0,-100.0,0.0,-100.0,0.0,-100.0,0.0,-100.0,0.0,0.0,0.0
39,"TOTAUG, CLSDIV=0, g=0.00039810717055349735, eps=0.025118864315095822",-100.0,0.0,-100.0,0.0,-100.0,0.0,-100.0,0.0,-100.0,0.0,0.0,0.0
40,"TOTAUG, CLSDIV=0, g=0.00039810717055349735, eps=0.15848931924611143",-100.0,0.0,-100.0,0.0,-100.0,0.0,-100.0,0.0,-100.0,0.0,0.0,0.0
41,"TOTAUG, CLSDIV=0, g=0.00039810717055349735, eps=1.0",-100.0,0.0,-100.0,0.0,-100.0,0.0,-100.0,0.0,-100.0,0.0,0.0,0.0
42,"TOTAUG, CLSDIV=0, g=0.0007943282347242813, eps=0.0001",-100.0,0.0,-100.0,0.0,-100.0,0.0,-100.0,0.0,-100.0,0.0,0.0,0.0
43,"TOTAUG, CLSDIV=0, g=0.0007943282347242813, eps=0.000630957344480193",-100.0,0.0,-100.0,0.0,-100.0,0.0,-100.0,0.0,-100.0,0.0,0.0,0.0
44,"TOTAUG, CLSDIV=0, g=0.0007943282347242813, eps=0.003981071705534973",-100.0,0.0,-100.0,0.0,-100.0,0.0,-100.0,0.0,-100.0,0.0,0.0,0.0
45,"TOTAUG, CLSDIV=0, g=0.0007943282347242813, eps=0.025118864315095822",-100.0,0.0,-100.0,0.0,-100.0,0.0,-100.0,0.0,-100.0,0.0,0.0,0.0
46,"TOTAUG, CLSDIV=0, g=0.0007943282347242813, eps=0.15848931924611143",-100.0,0.0,-100.0,0.0,-100.0,0.0,-100.0,0.0,-100.0,0.0,0.0,0.0
47,"TOTAUG, CLSDIV=0, g=0.0007943282347242813, eps=1.0",-100.0,0.0,-100.0,0.0,-100.0,0.0,-100.0,0.0,-100.0,0.0,0.0,0.0
48,"TOTAUG, CLSDIV=0, g=0.001584893192461114, eps=0.0001",-100.0,0.0,-100.0,0.0,-100.0,0.0,-100.0,0.0,-100.0,0.0,0.0,0.0
49,"TOTAUG, CLSDIV=0, g=0.001584893192461114, eps=0.000630957344480193",-100.0,0.0,-100.0,0.0,-100.0,0.0,-100.0,0.0,-100.0,0.0,0.0,0.0
50,"TOTAUG, CLSDIV=0, g=0.001584893192461114, eps=0.003981071705534973",-100.0,0.0,-100.0,0.0,-100.0,0.0,-100.0,0.0,-100.0,0.0,0.0,0.0
51,"TOTAUG, CLSDIV=0, g=0.001584893192461114, eps=0.025118864315095822",-100.0,0.0,-100.0,0.0,-100.0,0.0,-100.0,0.0,-100.0,0.0,0.0,0.0
52,"TOTAUG, CLSDIV=0, g=0.001584893192461114, eps=0.15848931924611143",-100.0,0.0,-100.0,0.0,-100.0,0.0,-100.0,0.0,-100.0,0.0,0.0,0.0
53,"TOTAUG, CLSDIV=0, g=0.001584893192461114, eps=1.0",-100.0,0.0,-100.0,0.0,-100.0,0.0,-100.0,0.0,-100.0,0.0,0.0,0.0
54,"TOTAUG, CLSDIV=0, g=0.0031622776601683794, eps=0.0001",-100.0,0.0,-100.0,0.0,-100.0,0.0,-100.0,0.0,-100.0,0.0,0.0,0.0
55,"TOTAUG, CLSDIV=0, g=0.0031622776601683794, eps=0.000630957344480193",-100.0,0.0,-100.0,0.0,-100.0,0.0,-100.0,0.0,-100.0,0.0,0.0,0.0
56,"TOTAUG, CLSDIV=0, g=0.0031622776601683794, eps=0.003981071705534973",-100.0,0.0,-100.0,0.0,-100.0,0.0,-100.0,0.0,-100.0,0.0,0.0,0.0
57,"TOTAUG, CLSDIV=0, g=0.0031622776601683794, eps=0.025118864315095822",-100.0,0.0,-100.0,0.0,-100.0,0.0,-100.0,0.0,-100.0,0.0,0.0,0.0
58,"TOTAUG, CLSDIV=0, g=0.0031622776601683794, eps=0.15848931924611143",-100.0,0.0,-100.0,0.0,-100.0,0.0,-100.0,0.0,-100.0,0.0,0.0,0.0
59,"TOTAUG, CLSDIV=0, g=0.0031622776601683794, eps=1.0",-100.0,0.0,-100.0,0.0,-100.0,0.0,-100.0,0.0,-100.0,0.0,0.0,0.0
60,"TOTAUG, CLSDIV=0, g=0.00630957344480193, eps=0.0001",-100.0,0.0,-100.0,0.0,-100.0,0.0,-100.0,0.0,-100.0,0.0,0.0,0.0
61,"TOTAUG, CLSDIV=0, g=0.00630957344480193, eps=0.000630957344480193",-100.0,0.0,-100.0,0.0,-100.0,0.0,-100.0,0.0,-100.0,0.0,0.0,0.0
62,"TOTAUG, CLSDIV=0, g=0.00630957344480193, eps=0.003981071705534973",-100.0,0.0,-100.0,0.0,-100.0,0.0,-100.0,0.0,-100.0,0.0,0.0,0.0
63,"TOTAUG, CLSDIV=0, g=0.00630957344480193, eps=0.025118864315095822",-100.0,0.0,-100.0,0.0,-100.0,0.0,-100.0,0.0,-100.0,0.0,0.0,0.0
64,"TOTAUG, CLSDIV=0, g=0.00630957344480193, eps=0.15848931924611143",-100.0,0.0,-100.0,0.0,-100.0,0.0,-100.0,0.0,-100.0,0.0,0.0,0.0
65,"TOTAUG, CLSDIV=0, g=0.00630957344480193, eps=1.0",-100.0,0.0,-100.0,0.0,-100.0,0.0,-100.0,0.0,-100.0,0.0,0.0,0.0
66,"TOTAUG, CLSDIV=0, g=0.012589254117941675, eps=0.0001",-100.0,0.0,-100.0,0.0,-100.0,0.0,-100.0,0.0,-100.0,0.0,0.0,0.0
67,"TOTAUG, CLSDIV=0, g=0.012589254117941675, eps=0.000630957344480193",-100.0,0.0,-100.0,0.0,-100.0,0.0,-100.0,0.0,-100.0,0.0,0.0,0.0
68,"TOTAUG, CLSDIV=0, g=0.012589254117941675, eps=0.003981071705534973",-100.0,0.0,-100.0,0.0,-100.0,0.0,-100.0,0.0,-100.0,0.0,0.0,0.0
69,"TOTAUG, CLSDIV=0, g=0.012589254117941675, eps=0.025118864315095822",-100.0,0.0,-100.0,0.0,-100.0,0.0,-100.0,0.0,-100.0,0.0,0.0,0.0
70,"TOTAUG, CLSDIV=0, g=0.012589254117941675, eps=0.15848931924611143",-100.0,0.0,-100.0,0.0,-100.0,0.0,-100.0,0.0,-100.0,0.0,0.0,0.0
71,"TOTAUG, CLSDIV=0, g=0.012589254117941675, eps=1.0",-100.0,0.0,-100.0,0.0,-100.0,0.0,-100.0,0.0,-100.0,0.0,0.0,0.0
72,"TOTAUG, CLSDIV=0, g=0.025118864315095794, eps=0.0001",-100.0,0.0,-100.0,0.0,-100.0,0.0,-100.0,0.0,-100.0,0.0,0.0,0.0
73,"TOTAUG, CLSDIV=0, g=0.025118864315095794, eps=0.000630957344480193",-100.0,0.0,-100.0,0.0,-100.0,0.0,-100.0,0.0,-100.0,0.0,0.0,0.0
74,"TOTAUG, CLSDIV=0, g=0.025118864315095794, eps=0.003981071705534973",-100.0,0.0,-100.0,0.0,-100.0,0.0,-100.0,0.0,-100.0,0.0,0.0,0.0
75,"TOTAUG, CLSDIV=0, g=0.025118864315095794, eps=0.025118864315095822",-100.0,0.0,-100.0,0.0,-100.0,0.0,-100.0,0.0,-100.0,0.0,0.0,0.0
76,"TOTAUG, CLSDIV=0, g=0.025118864315095794, eps=0.15848931924611143",-100.0,0.0,-100.0,0.0,-100.0,0.0,-100.0,0.0,-100.0,0.0,0.0,0.0
77,"TOTAUG, CLSDIV=0, g=0.025118864315095794, eps=1.0",-100.0,0.0,-100.0,0.0,-100.0,0.0,-100.0,0.0,-100.0,0.0,0.0,0.0
78,"TOTAUG, CLSDIV=0, g=0.0501187233627272, eps=0.0001",-100.0,0.0,-100.0,0.0,-100.0,0.0,-100.0,0.0,-100.0,0.0,0.0,0.0
79,"TOTAUG, CLSDIV=0, g=0.0501187233627272, eps=0.000630957344480193",-100.0,0.0,-100.0,0.0,-100.0,0.0,-100.0,0.0,-100.0,0.0,0.0,0.0
80,"TOTAUG, CLSDIV=0, g=0.0501187233627272, eps=0.003981071705534973",-100.0,0.0,-100.0,0.0,-100.0,0.0,-100.0,0.0,-100.0,0.0,0.0,0.0
81,"TOTAUG, CLSDIV=0, g=0.0501187233627272, eps=0.025118864315095822",-100.0,0.0,-100.0,0.0,-100.0,0.0,-100.0,0.0,-100.0,0.0,0.0,0.0
82,"TOTAUG, CLSDIV=0, g=0.0501187233627272, eps=0.15848931924611143",-100.0,0.0,-100.0,0.0,-100.0,0.0,-100.0,0.0,-100.0,0.0,0.0,0.0
83,"TOTAUG, CLSDIV=0, g=0.0501187233627272, eps=1.0",-100.0,0.0,-100.0,0.0,-100.0,0.0,-100.0,0.0,-100.0,0.0,0.0,0.0
84,"TOTAUG, CLSDIV=0, g=0.1, eps=0.0001",-100.0,0.0,-100.0,0.0,-100.0,0.0,-100.0,0.0,-100.0,0.0,0.0,0.0
85,"TOTAUG, CLSDIV=0, g=0.1, eps=0.000630957344480193",-100.0,0.0,-100.0,0.0,-100.0,0.0,-100.0,0.0,-100.0,0.0,0.0,0.0
86,"TOTAUG, CLSDIV=0, g=0.1, eps=0.003981071705534973",-100.0,0.0,-100.0,0.0,-100.0,0.0,-100.0,0.0,-100.0,0.0,0.0,0.0
87,"TOTAUG, CLSDIV=0, g=0.1, eps=0.025118864315095822",-100.0,0.0,-100.0,0.0,-100.0,0.0,-100.0,0.0,-100.0,0.0,0.0,0.0
88,"TOTAUG, CLSDIV=0, g=0.1, eps=0.15848931924611143",-100.0,0.0,-100.0,0.0,-100.0,0.0,-100.0,0.0,-100.0,0.0,0.0,0.0
89,"TOTAUG, CLSDIV=0, g=0.1, eps=1.0",-100.0,0.0,-100.0,0.0,-100.0,0.0,-100.0,0.0,-100.0,0.0,0.0,0.0
90,"TOTAUG, CLSDIV=1, g=0.0001, eps=0.0001",-100.0,0.0,-100.0,0.0,-100.0,0.0,-100.0,0.0,-100.0,0.0,0.0,0.0
91,"TOTAUG, CLSDIV=1, g=0.0001, eps=0.000630957344480193",-100.0,0.0,-100.0,0.0,-100.0,0.0,-100.0,0.0,-100.0,0.0,0.0,0.0
92,"TOTAUG, CLSDIV=1, g=0.0001, eps=0.003981071705534973",-100.0,0.0,-100.0,0.0,-100.0,0.0,-100.0,0.0,-100.0,0.0,0.0,0.0
93,"TOTAUG, CLSDIV=1, g=0.0001, eps=0.025118864315095822",-100.0,0.0,-100.0,0.0,-100.0,0.0,-100.0,0.0,-100.0,0.0,0.0,0.0
94,"TOTAUG, CLSDIV=1, g=0.0001, eps=0.15848931924611143",-100.0,0.0,-100.0,0.0,-100.0,0.0,-100.0,0.0,-100.0,0.0,0.0,0.0
95,"TOTAUG, CLSDIV=1, g=0.0001, eps=1.0",-100.0,0.0,-100.0,0.0,-100.0,0.0,-100.0,0.0,-100.0,0.0,0.0,0.0
96,"TOTAUG, CLSDIV=1, g=0.00019952623149688788, eps=0.0001",-100.0,0.0,-100.0,0.0,-100.0,0.0,-100.0,0.0,-100.0,0.0,0.0,0.0
97,"TOTAUG, CLSDIV=1, g=0.00019952623149688788, eps=0.000630957344480193",-100.0,0.0,-100.0,0.0,-100.0,0.0,-100.0,0.0,-100.0,0.0,0.0,0.0
98,"TOTAUG, CLSDIV=1, g=0.00019952623149688788, eps=0.003981071705534973",-100.0,0.0,-100.0,0.0,-100.0,0.0,-100.0,0.0,-100.0,0.0,0.0,0.0
99,"TOTAUG, CLSDIV=1, g=0.00019952623149688788, eps=0.025118864315095822",-100.0,0.0,-100.0,0.0,-100.0,0.0,-100.0,0.0,-100.0,0.0,0.0,0.0
100,"TOTAUG, CLSDIV=1, g=0.00019952623149688788, eps=0.15848931924611143",-100.0,0.0,-100.0,0.0,-100.0,0.0,-100.0,0.0,-100.0,0.0,0.0,0.0
101,"TOTAUG, CLSDIV=1, g=0.00019952623149688788, eps=1.0",-100.0,0.0,-100.0,0.0,-100.0,0.0,-100.0,0.0,-100.0,0.0,0.0,0.0
102,"TOTAUG, CLSDIV=1, g=0.00039810717055349735, eps=0.0001",-100.0,0.0,-100.0,0.0,-100.0,0.0,-100.0,0.0,-100.0,0.0,0.0,0.0
103,"TOTAUG, CLSDIV=1, g=0.00039810717055349735, eps=0.000630957344480193",-100.0,0.0,-100.0,0.0,-100.0,0.0,-100.0,0.0,-100.0,0.0,0.0,0.0
104,"TOTAUG, CLSDIV=1, g=0.00039810717055349735, eps=0.003981071705534973",-100.0,0.0,-100.0,0.0,-100.0,0.0,-100.0,0.0,-100.0,0.0,0.0,0.0
105,"TOTAUG, CLSDIV=1, g=0.00039810717055349735, eps=0.025118864315095822",-100.0,0.0,-100.0,0.0,-100.0,0.0,-100.0,0.0,-100.0,0.0,0.0,0.0
106,"TOTAUG, CLSDIV=1, g=0.00039810717055349735, eps=0.15848931924611143",-100.0,0.0,-100.0,0.0,-100.0,0.0,-100.0,0.0,-100.0,0.0,0.0,0.0
107,"TOTAUG, CLSDIV=1, g=0.00039810717055349735, eps=1.0",-100.0,0.0,-100.0,0.0,-100.0,0.0,-100.0,0.0,-100.0,0.0,0.0,0.0
108,"TOTAUG, CLSDIV=1, g=0.0007943282347242813, eps=0.0001",-100.0,0.0,-100.0,0.0,-100.0,0.0,-100.0,0.0,-100.0,0.0,0.0,0.0
109,"TOTAUG, CLSDIV=1, g=0.0007943282347242813, eps=0.000630957344480193",-100.0,0.0,-100.0,0.0,-100.0,0.0,-100.0,0.0,-100.0,0.0,0.0,0.0
110,"TOTAUG, CLSDIV=1, g=0.0007943282347242813, eps=0.003981071705534973",-100.0,0.0,-100.0,0.0,-100.0,0.0,-100.0,0.0,-100.0,0.0,0.0,0.0
111,"TOTAUG, CLSDIV=1, g=0.0007943282347242813, eps=0.025118864315095822",-100.0,0.0,-100.0,0.0,-100.0,0.0,-100.0,0.0,-100.0,0.0,0.0,0.0
112,"TOTAUG, CLSDIV=1, g=0.0007943282347242813, eps=0.15848931924611143",-100.0,0.0,-100.0,0.0,-100.0,0.0,-100.0,0.0,-100.0,0.0,0.0,0.0
113,"TOTAUG, CLSDIV=1, g=0.0007943282347242813, eps=1.0",-100.0,0.0,-100.0,0.0,-100.0,0.0,-100.0,0.0,-100.0,0.0,0.0,0.0
114,"TOTAUG, CLSDIV=1, g=0.001584893192461114, eps=0.0001",-100.0,0.0,-100.0,0.0,-100.0,0.0,-100.0,0.0,-100.0,0.0,0.0,0.0
115,"TOTAUG, CLSDIV=1, g=0.001584893192461114, eps=0.000630957344480193",-100.0,0.0,-100.0,0.0,-100.0,0.0,-100.0,0.0,-100.0,0.0,0.0,0.0
116,"TOTAUG, CLSDIV=1, g=0.001584893192461114, eps=0.003981071705534973",-100.0,0.0,-100.0,0.0,-100.0,0.0,-100.0,0.0,-100.0,0.0,0.0,0.0
117,"TOTAUG, CLSDIV=1, g=0.001584893192461114, eps=0.025118864315095822",-100.0,0.0,-100.0,0.0,-100.0,0.0,-100.0,0.0,-100.0,0.0,0.0,0.0
118,"TOTAUG, CLSDIV=1, g=0.001584893192461114, eps=0.15848931924611143",-100.0,0.0,-100.0,0.0,-100.0,0.0,-100.0,0.0,-100.0,0.0,0.0,0.0
119,"TOTAUG, CLSDIV=1, g=0.001584893192461114, eps=1.0",-100.0,0.0,-100.0,0.0,-100.0,0.0,-100.0,0.0,-100.0,0.0,0.0,0.0
120,"TOTAUG, CLSDIV=1, g=0.0031622776601683794, eps=0.0001",-100.0,0.0,-100.0,0.0,-100.0,0.0,-100.0,0.0,-100.0,0.0,0.0,0.0
121,"TOTAUG, CLSDIV=1, g=0.0031622776601683794, eps=0.000630957344480193",-100.0,0.0,-100.0,0.0,-100.0,0.0,-100.0,0.0,-100.0,0.0,0.0,0.0
122,"TOTAUG, CLSDIV=1, g=0.0031622776601683794, eps=0.003981071705534973",-100.0,0.0,-100.0,0.0,-100.0,0.0,-100.0,0.0,-100.0,0.0,0.0,0.0
123,"TOTAUG, CLSDIV=1, g=0.0031622776601683794, eps=0.025118864315095822",-100.0,0.0,-100.0,0.0,-100.0,0.0,-100.0,0.0,-100.0,0.0,0.0,0.0
124,"TOTAUG, CLSDIV=1, g=0.0031622776601683794, eps=0.15848931924611143",-100.0,0.0,-100.0,0.0,-100.0,0.0,-100.0,0.0,-100.0,0.0,0.0,0.0
125,"TOTAUG, CLSDIV=1, g=0.0031622776601683794, eps=1.0",-100.0,0.0,-100.0,0.0,-100.0,0.0,-100.0,0.0,-100.0,0.0,0.0,0.0
126,"TOTAUG, CLSDIV=1, g=0.00630957344480193, eps=0.0001",-100.0,0.0,-100.0,0.0,-100.0,0.0,-100.0,0.0,-100.0,0.0,0.0,0.0
127,"TOTAUG, CLSDIV=1, g=0.00630957344480193, eps=0.000630957344480193",-100.0,0.0,-100.0,0.0,-100.0,0.0,-100.0,0.0,-100.0,0.0,0.0,0.0
128,"TOTAUG, CLSDIV=1, g=0.00630957344480193, eps=0.003981071705534973",-100.0,0.0,-100.0,0.0,-100.0,0.0,-100.0,0.0,-100.0,0.0,0.0,0.0
129,"TOTAUG, CLSDIV=1, g=0.00630957344480193, eps=0.025118864315095822",-100.0,0.0,-100.0,0.0,-100.0,0.0,-100.0,0.0,-100.0,0.0,0.0,0.0
130,"TOTAUG, CLSDIV=1, g=0.00630957344480193, eps=0.15848931924611143",-100.0,0.0,-100.0,0.0,-100.0,0.0,-100.0,0.0,-100.0,0.0,0.0,0.0
131,"TOTAUG, CLSDIV=1, g=0.00630957344480193, eps=1.0",-100.0,0.0,-100.0,0.0,-100.0,0.0,-100.0,0.0,-100.0,0.0,0.0,0.0
132,"TOTAUG, CLSDIV=1, g=0.012589254117941675, eps=0.0001",-100.0,0.0,-100.0,0.0,-100.0,0.0,-100.0,0.0,-100.0,0.0,0.0,0.0
133,"TOTAUG, CLSDIV=1, g=0.012589254117941675, eps=0.000630957344480193",-100.0,0.0,-100.0,0.0,-100.0,0.0,-100.0,0.0,-100.0,0.0,0.0,0.0
134,"TOTAUG, CLSDIV=1, g=0.012589254117941675, eps=0.003981071705534973",-100.0,0.0,-100.0,0.0,-100.0,0.0,-100.0,0.0,-100.0,0.0,0.0,0.0
135,"TOTAUG, CLSDIV=1, g=0.012589254117941675, eps=0.025118864315095822",-100.0,0.0,-100.0,0.0,-100.0,0.0,-100.0,0.0,-100.0,0.0,0.0,0.0
136,"TOTAUG, CLSDIV=1, g=0.012589254117941675, eps=0.15848931924611143",-100.0,0.0,-100.0,0.0,-100.0,0.0,-100.0,0.0,-100.0,0.0,0.0,0.0
137,"TOTAUG, CLSDIV=1, g=0.012589254117941675, eps=1.0",-100.0,0.0,-100.0,0.0,-100.0,0.0,-100.0,0.0,-100.0,0.0,0.0,0.0
138,"TOTAUG, CLSDIV=1, g=0.025118864315095794, eps=0.0001",-100.0,0.0,-100.0,0.0,-100.0,0.0,-100.0,0.0,-100.0,0.0,0.0,0.0
139,"TOTAUG, CLSDIV=1, g=0.025118864315095794, eps=0.000630957344480193",-100.0,0.0,-100.0,0.0,-100.0,0.0,-100.0,0.0,-100.0,0.0,0.0,0.0
140,"TOTAUG, CLSDIV=1, g=0.025118864315095794, eps=0.003981071705534973",-100.0,0.0,-100.0,0.0,-100.0,0.0,-100.0,0.0,-100.0,0.0,0.0,0.0
141,"TOTAUG, CLSDIV=1, g=0.025118864315095794, eps=0.025118864315095822",-100.0,0.0,-100.0,0.0,-100.0,0.0,-100.0,0.0,-100.0,0.0,0.0,0.0
142,"TOTAUG, CLSDIV=1, g=0.025118864315095794, eps=0.15848931924611143",-100.0,0.0,-100.0,0.0,-100.0,0.0,-100.0,0.0,-100.0,0.0,0.0,0.0
143,"TOTAUG, CLSDIV=1, g=0.025118864315095794, eps=1.0",-100.0,0.0,-100.0,0.0,-100.0,0.0,-100.0,0.0,-100.0,0.0,0.0,0.0
144,"TOTAUG, CLSDIV=1, g=0.0501187233627272, eps=0.0001",-100.0,0.0,-100.0,0.0,-100.0,0.0,-100.0,0.0,-100.0,0.0,0.0,0.0
145,"TOTAUG, CLSDIV=1, g=0.0501187233627272, eps=0.000630957344480193",-100.0,0.0,-100.0,0.0,-100.0,0.0,-100.0,0.0,-100.0,0.0,0.0,0.0
146,"TOTAUG, CLSDIV=1, g=0.0501187233627272, eps=0.003981071705534973",-100.0,0.0,-100.0,0.0,-100.0,0.0,-100.0,0.0,-100.0,0.0,0.0,0.0
147,"TOTAUG, CLSDIV=1, g=0.0501187233627272, eps=0.025118864315095822",-100.0,0.0,-100.0,0.0,-100.0,0.0,-100.0,0.0,-100.0,0.0,0.0,0.0
148,"TOTAUG, CLSDIV=1, g=0.0501187233627272, eps=0.15848931924611143",-100.0,0.0,-100.0,0.0,-100.0,0.0,-100.0,0.0,-100.0,0.0,0.0,0.0
149,"TOTAUG, CLSDIV=1, g=0.0501187233627272, eps=1.0",-100.0,0.0,-100.0,0.0,-100.0,0.0,-100.0,0.0,-100.0,0.0,0.0,0.0
150,"TOTAUG, CLSDIV=1, g=0.1, eps=0.0001",-100.0,0.0,-100.0,0.0,-100.0,0.0,-100.0,0.0,-100.0,0.0,0.0,0.0
151,"TOTAUG, CLSDIV=1, g=0.1, eps=0.000630957344480193",-100.0,0.0,-100.0,0.0,-100.0,0.0,-100.0,0.0,-100.0,0.0,0.0,0.0
152,"TOTAUG, CLSDIV=1, g=0.1, eps=0.003981071705534973",-100.0,0.0,-100.0,0.0,-100.0,0.0,-100.0,0.0,-100.0,0.0,0.0,0.0
153,"TOTAUG, CLSDIV=1, g=0.1, eps=0.025118864315095822",-100.0,0.0,-100.0,0.0,-100.0,0.0,-100.0,0.0,-100.0,0.0,0.0,0.0
154,"TOTAUG, CLSDIV=1, g=0.1, eps=0.15848931924611143",-100.0,0.0,-100.0,0.0,-100.0,0.0,-100.0,0.0,-100.0,0.0,0.0,0.0
155,"TOTAUG, CLSDIV=1, g=0.1, eps=1.0",-100.0,0.0,-100.0,0.0,-100.0,0.0,-100.0,0.0,-100.0,0.0,0.0,0.0
