,TestSet,Mitigation,ERR^CI,ERR^CI std,ERR^CJ,ERR^CJ std,ERR^CS,ERR^CS std,ERR,ERR std,CIC,CIC std
0,NOAUG,STD,25.5,0.1122,24.5,0.033,43.4,0.1354,31.1333,0.2806,6.6333,0.0825
1,AUG=0.01,STD,36.1,0.122,35.3,0.0606,45.9,0.0814,39.1,0.264,3.8,0.0678
2,AUG=0.05,STD,44.4,0.6764,44.2,1.3936,50.2,0.919,46.2667,2.989,2.0667,0.5318
3,AUG=0.1,STD,47.4,1.2224,45.7,0.9388,49.8,1.314,47.6333,3.4752,1.9333,0.8455
4,ADV=0.0005,STD,42.3,0.132,39.2,0.0566,66.8,0.0636,49.4333,0.2522,10.2333,0.0652
5,ADV=0.0005,MIT g=0.001 and tau=0.1,30.5,0.0747,20.125,0.0561,42.75,0.3197,31.125,0.4505,11.0,0.1315
6,ADV=0.0005,MIT g=0.007 and tau=0.3,32.6667,0.1972,21.5,0.2267,42.3333,0.2578,32.1667,0.6817,10.6667,0.1517
7,ADV=0.0005,MIT g=0.007 and tau=0.5,32.6667,0.1972,21.5,0.2267,42.3333,0.2578,32.1667,0.6817,10.6667,0.1517
8,ADV=0.001,STD,54.4,0.0874,50.5,0.1152,79.4,0.051,61.4333,0.2536,10.9333,0.0461
9,ADV=0.001,MIT g=0.003 and tau=0.1,41.75,0.0722,20.875,0.1511,43.75,0.0822,35.4583,0.3055,14.5833,0.0515
10,ADV=0.001,MIT g=0.001 and tau=0.3,41.375,0.0861,21.625,0.1023,44.5,0.3609,35.8333,0.5494,14.2083,0.149
11,ADV=0.001,MIT g=0.001 and tau=0.5,41.375,0.0861,21.625,0.1023,44.5,0.3609,35.8333,0.5494,14.2083,0.149
12,ADV=0.005,STD,84.7,0.0416,84.2,0.046,97.2,0.01,88.7,0.0976,4.5,0.0172
13,ADV=0.005,MIT g=0.003 and tau=0.1,76.625,0.0286,24.375,0.2455,48.875,0.2823,49.9583,0.5564,25.5833,0.1036
14,ADV=0.005,MIT g=0.001 and tau=0.3,76.5,0.0387,26.75,0.2194,50.75,0.6072,51.3333,0.8653,24.5833,0.2153
15,ADV=0.005,MIT g=0.007 and tau=0.5,76.5,0.1978,27.8333,0.5239,51.3333,0.1889,51.8889,0.9106,24.0556,0.1289
16,"AUG=0.01, ADV=0.0005",STD,55.1,0.053,52.9,0.1242,68.9,0.144,58.9667,0.3212,6.0667,0.0657
17,"AUG=0.01, ADV=0.001",STD,69.8,0.0446,61.7,0.1968,82.6,0.0384,71.3667,0.2798,9.6667,0.0277
18,"AUG=0.01, ADV=0.005",STD,90.9,0.02,89.0,0.0152,96.7,0.0146,92.2,0.0498,3.2,0.0115
19,"AUG=0.05, ADV=0.0005",STD,71.3,0.1446,71.2,0.1718,75.2,0.1376,72.5667,0.454,1.3667,0.0941
20,"AUG=0.05, ADV=0.001",STD,74.8,0.164,78.1,0.073,82.6,0.1264,78.5,0.3634,3.7,0.0665
21,"AUG=0.05, ADV=0.005",STD,83.4,0.6964,84.8,0.5598,84.2,0.828,84.1333,2.0842,0.7333,0.4626
22,"AUG=0.1, ADV=0.0005",STD,72.5,0.1072,75.4,0.08,76.0,0.0508,74.6333,0.238,2.1333,0.0436
23,"AUG=0.1, ADV=0.001",STD,78.5,0.0718,75.3,0.117,83.2,0.1116,79.0,0.3004,3.7,0.0611
24,"AUG=0.1, ADV=0.005",STD,79.3,1.4928,78.3,1.4996,80.5,1.7288,79.3667,4.7212,1.0667,1.0739
