,TestSet,Mitigation,ERR^LC,ERR^LC std,ERR^LF,ERR^LF std,ERR^LT,ERR^LT std,ERR,ERR std,CIC,CIC std
0,NOAUG,STD,24.35,0.2511,18.05,0.0841,30.95,0.3426,24.45,0.6779,6.4,0.1979
1,NOAUG,MIT,23.2857,0.1366,15.5,0.1243,24.2143,0.2088,21.0,0.4697,5.5,0.1151
2,ADV=0.0005,STD,35.1,0.4192,30.25,0.2253,42.7,0.5084,36.0167,1.1528,5.7667,0.3092
3,ADV=0.0005,MIT,31.8571,0.1831,18.0,0.1003,24.2857,0.2315,24.7143,0.5149,6.7143,0.1382
4,ADV=0.001,STD,44.55,0.4901,38.6,0.1917,52.55,0.4821,45.2333,1.164,6.6333,0.3241
5,ADV=0.001,MIT,38.6429,0.1799,20.0,0.1232,24.5,0.2369,27.7143,0.54,7.7143,0.1389
6,ADV=0.005,STD,73.2,0.3045,65.05,0.1662,80.7,0.3468,72.9833,0.8176,7.9333,0.2171
7,ADV=0.005,MIT,65.6429,0.1795,29.4286,0.2658,25.6429,0.3616,40.2381,0.8069,14.5952,0.1484
8,AUG=0.01,STD,35.1,0.4422,35.95,0.5106,38.7,0.526,36.5833,1.4789,1.4833,0.3456
9,AUG=0.01,MIT,32.6429,0.4127,33.5,0.1128,35.3571,0.3616,33.8333,0.887,1.1905,0.1581
10,AUG=0.05,STD,44.65,2.2528,45.15,2.1421,48.25,2.3538,46.0167,6.7488,1.3667,1.4986
11,AUG=0.05,MIT,44.7143,1.0701,46.2857,0.5063,49.2143,0.8058,46.7381,2.3822,2.0238,0.4374
12,AUG=0.1,STD,46.45,2.7712,47.35,2.6353,48.65,2.8286,47.4833,8.2352,1.0333,1.8213
13,AUG=0.1,MIT,49.6429,1.999,47.5714,1.1639,50.5,1.2174,49.2381,4.3803,1.6667,1.0721
14,"AUG=0.01, ADV=0.0005",STD,51.55,0.4126,54.65,0.4638,57.95,0.6151,54.7167,1.4916,3.1667,0.3596
15,"AUG=0.01, ADV=0.0005",MIT,44.8571,0.4254,40.2143,0.1788,33.9286,0.4689,39.6667,1.0731,5.7381,0.2014
16,"AUG=0.01, ADV=0.001",STD,65.5,0.4638,69.05,0.3621,68.3,0.5056,67.6167,1.3315,2.1167,0.2892
17,"AUG=0.01, ADV=0.001",MIT,56.7857,0.2681,42.3571,0.3245,35.5,0.5963,44.881,1.1889,9.381,0.1975
18,"AUG=0.01, ADV=0.005",STD,88.65,0.1341,86.7,0.086,90.55,0.1481,88.6333,0.3683,1.9333,0.0941
19,"AUG=0.01, ADV=0.005",MIT,80.6667,0.2636,53.75,0.5048,37.0,0.3862,57.1389,1.1547,20.1389,0.2561
20,"AUG=0.05, ADV=0.0005",STD,57.95,2.1652,58.6,1.9952,56.65,2.172,57.7333,6.3324,1.0833,1.3868
21,"AUG=0.05, ADV=0.0005",MIT,51.5,0.8378,48.9167,0.3295,47.1667,1.0019,49.1944,2.1692,2.0278,0.3891
22,"AUG=0.05, ADV=0.001",STD,61.0,1.995,64.2,1.4913,63.2,2.0218,62.8,5.508,1.8,1.171
23,"AUG=0.05, ADV=0.001",MIT,56.4167,1.2078,48.0833,0.5837,47.3333,0.9099,50.6111,2.7014,3.2778,0.5972
24,"AUG=0.05, ADV=0.005",STD,76.45,1.2231,76.05,1.3071,75.3,1.6078,75.9333,4.138,0.6333,0.8434
25,"AUG=0.05, ADV=0.005",MIT,66.6667,0.9868,53.3333,0.5526,50.9167,2.2292,56.9722,3.7687,6.0556,0.5131
26,"AUG=0.1, ADV=0.0005",STD,56.05,2.8986,57.95,2.7272,57.55,2.9326,57.1833,8.5585,1.1333,1.8866
27,"AUG=0.1, ADV=0.0005",MIT,57.1667,1.4522,49.1667,0.6549,48.5833,1.102,51.6389,3.2091,3.0556,0.7024
28,"AUG=0.1, ADV=0.001",STD,58.55,3.1011,59.65,2.8056,60.6,3.2731,59.6,9.1799,1.05,2.0263
29,"AUG=0.1, ADV=0.001",MIT,55.75,2.0215,54.5833,1.4892,48.5833,1.0503,52.9722,4.561,4.3889,1.1702
30,"AUG=0.1, ADV=0.005",STD,68.65,2.2086,67.95,2.0096,68.65,2.1498,68.4167,6.3681,0.4667,1.4528
31,"AUG=0.1, ADV=0.005",MIT,58.3333,1.1343,47.5833,0.4417,53.0,2.2315,52.9722,3.8076,5.3889,1.1219
