,TestSet,Mitigation,ERR^LC,ERR^LC std,ERR^LF,ERR^LF std,ERR^LT,ERR^LT std,ERR,ERR std,CIC,CIC std
0,NOAUG,STD,27.85,0.1436,26.25,0.0891,17.5,0.0549,23.8667,0.2877,6.3667,0.0776
1,AUG=0.01,STD,36.35,0.234,37.4,0.3032,31.85,0.1053,35.2,0.6426,3.35,0.1791
2,AUG=0.05,STD,46.6,1.3119,46.6,1.0098,45.1,1.3375,46.1,3.6592,1.0,0.7739
3,AUG=0.1,STD,49.4,2.9352,49.15,2.6666,48.0,2.4355,48.85,8.0373,0.85,1.8673
4,ADV=0.0005,STD,40.85,0.2176,39.6,0.11,25.4,0.058,35.2833,0.3856,9.8833,0.1092
5,ADV=0.0005,MIT g=0.002 and tau=0.1,31.625,0.1823,25.5,0.0909,12.625,0.0592,23.25,0.3325,10.625,0.0911
6,ADV=0.0005,MIT g=0.005 and tau=0.3,32.5,0.0125,24.0,0.0163,15.75,0.0406,24.0833,0.0694,8.3333,0.0096
7,ADV=0.0005,MIT g=0.005 and tau=0.5,32.5,0.0125,24.0,0.0163,15.75,0.0406,24.0833,0.0694,8.3333,0.0096
8,ADV=0.001,STD,49.15,0.1908,47.95,0.1261,32.9,0.0765,43.3333,0.3935,10.4333,0.1057
9,ADV=0.001,MIT g=0.003 and tau=0.1,40.0,0.0225,26.75,0.0231,14.0,0.0163,26.9167,0.0619,12.9167,0.0152
10,ADV=0.001,MIT g=0.005 and tau=0.3,40.25,0.0181,25.75,0.0156,16.25,0.0506,27.4167,0.0844,11.1667,0.0112
11,ADV=0.001,MIT g=0.005 and tau=0.5,40.25,0.0181,25.75,0.0156,16.25,0.0506,27.4167,0.0844,11.1667,0.0112
12,ADV=0.005,STD,76.6,0.164,73.45,0.1397,61.65,0.112,70.5667,0.4157,8.9167,0.1012
13,ADV=0.005,MIT g=0.002 and tau=0.1,66.625,0.0536,34.625,0.2067,14.125,0.1486,38.4583,0.4089,24.3333,0.0868
14,ADV=0.005,MIT g=0.005 and tau=0.3,67.0,0.0662,33.25,0.0506,16.25,0.0331,38.8333,0.15,22.5833,0.039
15,ADV=0.005,MIT g=0.010 and tau=0.5,68.5,0.1482,34.6,0.342,19.8,0.069,40.9667,0.5592,21.1667,0.1634
16,"AUG=0.01, ADV=0.0005",STD,58.1,0.236,57.55,0.1712,49.45,0.2011,55.0333,0.6084,5.5833,0.1357
17,"AUG=0.01, ADV=0.001",STD,67.05,0.1759,70.15,0.3235,61.7,0.2776,66.3,0.777,4.6,0.1665
18,"AUG=0.01, ADV=0.005",STD,89.25,0.0473,90.2,0.0753,89.55,0.0471,89.6667,0.1698,0.4167,0.0408
19,"AUG=0.05, ADV=0.0005",STD,57.0,1.2053,58.1,1.4677,60.25,1.3036,58.45,3.9767,1.45,0.9238
20,"AUG=0.05, ADV=0.001",STD,66.85,1.361,66.45,1.1312,67.3,1.0762,66.8667,3.5685,0.4167,0.8124
21,"AUG=0.05, ADV=0.005",STD,80.5,0.9558,78.75,0.8273,78.9,0.9364,79.3833,2.7195,0.6333,0.6307
22,"AUG=0.1, ADV=0.0005",STD,60.05,2.1932,60.55,2.3771,58.75,2.4049,59.7833,6.9753,1.0333,1.5234
23,"AUG=0.1, ADV=0.001",STD,65.25,2.3664,65.45,2.2687,63.6,2.3397,64.7667,6.9749,1.1667,1.5451
24,"AUG=0.1, ADV=0.005",STD,73.65,1.6663,74.4,1.2578,75.45,1.4986,74.5,4.4227,0.85,0.9188
