,TS,ERR^CI,ERR^CI std,ERR^CJ,ERR^CJ std,ERR^CS,ERR^CS std,ERR,ERR std,W_ERR,W_ERR std,CIC,CIC std
0,NOAUG,25.35,0.05,11.35,0.038,35.7,0.1672,24.1333,0.2553,13.0932,0.2553,12.7833,0.0724
1,"AUG, g=0.001",24.6667,0.1469,13.5,0.0512,35.4167,0.2117,24.5278,0.4099,15.0038,0.4099,11.0278,0.1195
2,"AUG, g=0.002",25.1875,0.1045,11.9375,0.0168,37.875,0.1505,25.0,0.2718,13.7187,0.2718,13.0625,0.085
3,"AUG, g=0.005",25.1333,0.0896,12.3667,0.061,35.9333,0.202,24.4778,0.3525,14.0182,0.3525,12.1111,0.0972
4,"AUG, g=0.01",24.3929,0.1839,12.7857,0.0815,35.9286,0.2906,24.369,0.556,14.3653,0.556,11.5833,0.1582
5,"AUG, g=0.02",23.5417,0.1362,12.25,0.045,35.9583,0.1979,23.9167,0.3791,13.8409,0.3791,11.6667,0.1114
6,"AUG, g=0.05",23.8,0.1503,12.1,0.0568,32.2,0.1778,22.7,0.3849,13.5455,0.3849,10.6,0.1094
7,"AUG, g=0.1",23.8636,0.1261,12.9091,0.0398,35.2273,0.3646,24.0,0.5305,14.4215,0.5305,11.0909,0.1636
8,"AUG, g=0.2",26.6,0.2059,13.05,0.0506,37.65,0.439,25.7667,0.6956,14.7841,0.6956,12.7167,0.215
