,TestSet,Mitigation,ERR^CI,ERR^CI std,ERR^CJ,ERR^CJ std,ERR^CS,ERR^CS std,ERR,ERR std,CIC,CIC std
0,NOAUG,STD,26.8333,0.0907,25.0556,0.1428,43.7778,0.1106,31.8889,0.3441,6.8333,0.0671
1,AUG=0.01,STD,36.1667,0.0986,35.0,0.1292,48.1111,0.2058,39.7593,0.4336,4.7593,0.1015
2,AUG=0.05,STD,46.1667,0.9659,44.9444,1.091,51.6667,1.0433,47.5926,3.1002,2.6481,0.6697
3,AUG=0.1,STD,49.0556,1.8028,43.6111,1.4432,51.0,1.7499,47.8889,4.996,4.2778,1.1843
4,ADV=0.0005,STD,43.2778,0.1734,41.8333,0.184,65.5556,0.1671,50.2222,0.5245,8.3889,0.1135
5,ADV=0.0005,MIT g=0.015 and tau=0.1,28.9,0.0724,25.5,0.4582,54.5,0.2258,36.3,0.7564,10.8,0.0994
6,ADV=0.0005,MIT g=0.015 and tau=0.3,28.9,0.0724,25.5,0.4582,54.5,0.2258,36.3,0.7564,10.8,0.0994
7,ADV=0.0005,MIT g=0.100 and tau=0.5,32.4286,0.0712,27.6429,0.2855,54.1429,0.2427,38.0714,0.5994,10.4286,0.1046
8,ADV=0.001,STD,56.4444,0.1919,53.6667,0.2205,78.6667,0.1178,62.9259,0.5302,9.2593,0.1032
9,ADV=0.001,MIT g=0.015 and tau=0.1,38.4,0.0414,30.6,0.659,63.7,0.3176,44.2333,1.018,13.6333,0.1197
10,ADV=0.001,MIT g=0.015 and tau=0.3,38.4,0.0414,30.6,0.659,63.7,0.3176,44.2333,1.018,13.6333,0.1197
11,ADV=0.001,MIT g=0.032 and tau=0.5,41.3333,0.0156,34.8333,0.4494,63.5,0.1144,46.5556,0.5794,11.7222,0.0433
12,ADV=0.005,STD,85.8333,0.0655,85.7222,0.0704,97.3333,0.0156,89.6296,0.1515,3.9074,0.027
13,ADV=0.005,MIT g=0.015 and tau=0.1,75.6,0.064,44.9,1.0404,78.2,0.2088,66.2333,1.3132,21.3333,0.0909
14,ADV=0.005,MIT g=0.015 and tau=0.3,75.6,0.064,44.9,1.0404,78.2,0.2088,66.2333,1.3132,21.3333,0.0909
15,ADV=0.005,MIT g=0.032 and tau=0.5,78.1667,0.0156,49.3333,0.4156,77.0,0.0578,68.1667,0.4889,18.8333,0.0244
16,"AUG=0.01, ADV=0.0005",STD,57.6111,0.1715,52.8889,0.1886,72.6111,0.1716,61.037,0.5317,8.1481,0.1144
17,"AUG=0.01, ADV=0.001",STD,67.3333,0.0973,61.8889,0.2667,82.2222,0.1592,70.4815,0.5233,8.5926,0.0855
18,"AUG=0.01, ADV=0.005",STD,91.6111,0.0752,86.2778,0.0867,96.5556,0.0204,91.4815,0.1824,5.2037,0.0319
19,"AUG=0.05, ADV=0.0005",STD,70.8889,0.2484,69.7778,0.4204,75.9444,0.3949,72.2037,1.0637,2.4259,0.2144
20,"AUG=0.05, ADV=0.001",STD,75.7222,0.4469,71.9444,0.574,79.6667,0.6223,75.7778,1.6433,3.8333,0.3564
21,"AUG=0.05, ADV=0.005",STD,82.6111,1.1704,80.5556,1.2082,84.5,1.0979,82.5556,3.4765,2.0,0.7561
22,"AUG=0.1, ADV=0.0005",STD,72.5,0.3556,69.7222,0.4534,74.0,0.4794,72.0741,1.2883,2.3519,0.2783
23,"AUG=0.1, ADV=0.001",STD,71.6667,0.7,73.1111,0.7838,77.7778,0.5986,74.1852,2.0824,2.5185,0.4608
24,"AUG=0.1, ADV=0.005",STD,77.6667,2.0918,75.9444,2.2086,78.0,1.7373,77.2037,6.0377,1.2593,1.2764
