,TestSet,Mitigation,ERR^LC,ERR^LC std,ERR^LF,ERR^LF std,ERR^LT,ERR^LT std,ERR,ERR std,CIC,CIC std
0,NOAUG,STD,17.0,0.084,22.3,0.1591,32.75,0.1114,24.0167,0.3545,7.0167,0.0902
1,AUG=0.01,STD,31.4,0.2044,35.95,0.2151,40.3,0.258,35.8833,0.6776,4.4833,0.1577
2,AUG=0.05,STD,41.55,1.0867,44.25,1.0743,47.35,1.0343,44.3833,3.1954,2.8333,0.7029
3,AUG=0.1,STD,43.8,1.3913,46.05,1.3276,47.4,1.3229,45.75,4.0418,1.95,0.8835
4,ADV=0.0005,STD,27.65,0.1176,34.85,0.2103,47.8,0.1476,36.7667,0.4756,9.1167,0.1193
5,ADV=0.0005,MIT g=0.005 and tau=0.1,23.625,0.0873,36.375,0.3217,33.5,0.2222,31.1667,0.6312,7.5417,0.1813
6,ADV=0.0005,MIT g=0.147 and tau=0.3,25.3636,0.061,32.4091,0.1735,36.0455,0.3036,31.2727,0.538,5.9091,0.159
7,ADV=0.0005,MIT g=0.147 and tau=0.5,25.3636,0.061,32.4091,0.1735,36.0455,0.3036,31.2727,0.538,5.9091,0.159
8,ADV=0.001,STD,36.0,0.1227,43.6,0.2475,59.0,0.2166,46.2,0.5868,10.2,0.1547
9,ADV=0.001,MIT g=0.010 and tau=0.1,30.3,0.0656,41.3,0.2556,39.2,0.12,36.9333,0.4412,6.6333,0.1252
10,ADV=0.001,MIT g=0.147 and tau=0.3,32.3182,0.093,39.6364,0.1719,40.8636,0.377,37.6061,0.6419,5.2879,0.183
11,ADV=0.001,MIT g=0.147 and tau=0.5,32.3182,0.093,39.6364,0.1719,40.8636,0.377,37.6061,0.6419,5.2879,0.183
12,ADV=0.005,STD,67.1,0.1104,66.65,0.2325,85.9,0.0994,73.2167,0.4423,6.5667,0.0699
13,ADV=0.005,MIT g=0.100 and tau=0.1,61.125,0.0817,56.125,0.2867,51.5,0.495,56.25,0.8634,4.75,0.1228
14,ADV=0.005,MIT g=0.046 and tau=0.3,58.5833,0.0978,57.5,0.1715,54.5833,0.2451,56.8889,0.5144,2.3056,0.0898
15,ADV=0.005,MIT g=0.147 and tau=0.5,61.1364,0.0864,57.3182,0.1516,56.4545,0.4607,58.303,0.6988,1.8485,0.0793
16,"AUG=0.01, ADV=0.0005",STD,48.0,0.153,57.85,0.2175,61.95,0.3867,55.9333,0.7572,7.9333,0.2014
17,"AUG=0.01, ADV=0.001",STD,60.35,0.129,68.6,0.2359,72.4,0.2907,67.1167,0.6557,6.7667,0.1755
18,"AUG=0.01, ADV=0.005",STD,85.6,0.0673,88.1,0.0897,94.5,0.0558,89.4,0.2128,3.8,0.0485
19,"AUG=0.05, ADV=0.0005",STD,65.2,0.4132,66.75,0.6138,67.95,0.2716,66.6333,1.2987,1.4333,0.2951
20,"AUG=0.05, ADV=0.001",STD,71.05,0.2784,73.4,0.378,74.0,0.496,72.8167,1.1525,1.7667,0.2914
21,"AUG=0.05, ADV=0.005",STD,75.9,1.0796,79.5,0.8944,78.9,0.9829,78.1,2.957,2.2,0.6258
22,"AUG=0.1, ADV=0.0005",STD,65.9,0.7136,68.45,0.7567,70.05,0.4609,68.1333,1.9313,2.2333,0.4059
23,"AUG=0.1, ADV=0.001",STD,70.3,0.8437,69.95,0.9796,72.75,0.8558,71.0,2.6792,1.05,0.5665
24,"AUG=0.1, ADV=0.005",STD,72.2,2.0915,73.45,2.0121,73.55,1.8167,73.0667,5.9204,0.8667,1.2763
