,TS,ERR^LC,ERR^LC std,ERR^LF,ERR^LF std,ERR^LT,ERR^LT std,ERR,ERR std,W_ERR,W_ERR std,CIC,CIC std
0,NOAUG,29.75,2.3863,26.625,2.4853,10.5,1.1616,22.2917,6.0332,12.108,6.0332,11.7917,1.6239
1,"AUG, g=0.0001",28.7857,1.487,24.5714,1.2935,8.5,1.4158,20.619,4.1963,10.1526,4.1963,12.119,0.9268
2,"AUG, g=0.0002",23.5,1.7498,26.4167,2.2323,8.8333,0.8955,19.5833,4.8776,10.2992,4.8776,10.75,1.3274
3,"AUG, g=0.0005",26.7,1.7543,24.1,2.9184,7.5,0.5422,19.4333,5.2149,9.1273,5.2149,11.9333,1.5576
4,"AUG, g=0.001",28.4583,1.2858,23.7083,1.5365,7.9583,0.7223,20.0417,3.5446,9.6061,3.5446,12.0833,0.9408
5,"AUG, g=0.002",25.9167,1.673,24.4583,1.6072,8.625,0.7673,19.6667,4.0475,10.1307,4.0475,11.0417,1.0934
6,"AUG, g=0.005",27.7692,1.4121,23.8846,1.7507,9.1538,0.8707,20.2692,4.0335,10.6696,4.0335,11.1154,1.0543
7,"AUG, g=0.01",25.4,2.7749,20.0,1.842,8.5,1.3488,17.9667,5.9657,9.7909,5.9657,9.4667,1.539
8,"AUG, g=0.02",26.0,1.5759,22.8462,1.5305,9.1538,0.8422,19.3333,3.9486,10.542,3.9486,10.1795,1.0355
9,"AUG, g=0.05",25.5,2.0009,21.9444,2.3178,9.6111,0.934,19.0185,5.2527,10.8939,5.2527,9.4074,1.4396
10,"AUG, g=0.1",26.0,2.228,25.6111,2.4614,11.0556,1.1832,20.8889,5.8727,12.3965,5.8727,9.8333,1.5631
11,"AUG, g=0.2",30.0,2.2466,28.875,2.9622,14.375,1.2334,24.4167,6.4422,15.7443,6.4422,10.0417,1.7363
