,TestSet,Mitigation,ERR^LC,ERR^LC std,ERR^LF,ERR^LF std,ERR^LT,ERR^LT std,ERR,ERR std,CIC,CIC std
0,NOAUG,STD,21.15,0.2596,25.95,0.3671,33.9,0.5301,27.0,1.1569,5.85,0.2991
1,AUG=0.01,STD,33.9,0.2317,35.85,0.6115,39.05,0.5959,36.2667,1.4392,2.3667,0.4025
2,AUG=0.05,STD,43.8,1.2366,46.1,1.0963,46.65,1.034,45.5167,3.3669,1.7167,0.7101
3,AUG=0.1,STD,47.8,1.291,49.9,1.5688,48.95,1.4492,48.8833,4.309,1.0833,1.006
4,ADV=0.0005,STD,32.85,0.4266,38.6,0.4792,44.85,0.559,38.7667,1.4648,5.9167,0.3461
5,ADV=0.0005,MIT g=0.015 and tau=0.1,23.3,0.0846,24.4,0.079,24.0,0.1462,23.9,0.3098,0.6,0.0751
6,ADV=0.0005,MIT g=0.015 and tau=0.3,23.3,0.0846,24.4,0.079,24.0,0.1462,23.9,0.3098,0.6,0.0751
7,ADV=0.0005,MIT g=0.015 and tau=0.5,23.3,0.0846,24.4,0.079,24.0,0.1462,23.9,0.3098,0.6,0.0751
8,ADV=0.001,STD,42.6,0.5085,47.9,0.4445,53.8,0.419,48.1,1.372,5.5,0.2879
9,ADV=0.001,MIT g=0.015 and tau=0.1,30.8,0.1486,26.3,0.132,24.7,0.138,27.2667,0.4186,2.5667,0.0935
10,ADV=0.001,MIT g=0.003 and tau=0.3,29.0,0.005,28.75,0.0456,26.0,0.1025,27.9167,0.1531,1.9167,0.0169
11,ADV=0.001,MIT g=0.003 and tau=0.5,29.0,0.005,28.75,0.0456,26.0,0.1025,27.9167,0.1531,1.9167,0.0169
12,ADV=0.005,STD,70.8,0.2814,68.9,0.3052,81.5,0.2041,73.7333,0.7906,4.8333,0.1618
13,ADV=0.005,MIT g=0.005 and tau=0.1,60.25,0.0556,36.5,0.005,26.75,0.1381,41.1667,0.1987,14.4167,0.0202
14,ADV=0.005,MIT g=0.005 and tau=0.3,60.25,0.0556,36.5,0.005,26.75,0.1381,41.1667,0.1987,14.4167,0.0202
15,ADV=0.005,MIT g=0.068 and tau=0.5,58.75,0.1506,38.0,0.1,28.75,0.0731,41.8333,0.3237,13.0833,0.0835
16,"AUG=0.01, ADV=0.0005",STD,51.55,0.2429,59.7,0.3678,59.05,0.6334,56.7667,1.2442,5.2167,0.3338
17,"AUG=0.01, ADV=0.001",STD,64.9,0.3212,70.8,0.2711,69.35,0.4735,68.35,1.0658,3.45,0.2482
18,"AUG=0.01, ADV=0.005",STD,87.05,0.1702,89.65,0.0751,93.1,0.0591,89.9333,0.3045,2.8833,0.0448
19,"AUG=0.05, ADV=0.0005",STD,57.1,1.2903,60.9,1.0037,61.3,1.1481,59.7667,3.4421,2.6667,0.7173
20,"AUG=0.05, ADV=0.001",STD,66.85,1.1873,71.0,1.1198,68.3,0.9198,68.7167,3.2269,1.8667,0.6798
21,"AUG=0.05, ADV=0.005",STD,75.8,1.1119,76.0,1.154,76.45,1.2612,76.0833,3.5271,0.2833,0.8051
22,"AUG=0.1, ADV=0.0005",STD,54.8,1.8684,57.35,2.2066,57.6,1.7866,56.5833,5.8616,1.7833,1.3311
23,"AUG=0.1, ADV=0.001",STD,64.5,1.8117,66.65,1.8696,66.3,1.5542,65.8167,5.2356,1.3167,1.1413
24,"AUG=0.1, ADV=0.005",STD,68.5,1.648,70.2,1.9398,66.5,2.113,68.4,5.7007,1.9,1.1959
