,TestSet,Mitigation,ERR^LC,ERR^LC std,ERR^LF,ERR^LF std,ERR^LT,ERR^LT std,ERR,ERR std,CIC,CIC std
0,NOAUG,STD,17.9167,0.0661,20.75,0.0864,27.7917,0.1179,22.1528,0.2703,4.2361,0.0681
1,AUG=0.01,STD,32.4583,0.1004,34.0,0.1746,36.4167,0.2957,34.2917,0.5706,1.8333,0.1567
2,AUG=0.05,STD,44.125,1.4637,46.2917,1.4607,47.25,1.6816,45.8889,4.606,1.7639,1.0475
3,AUG=0.1,STD,47.5,1.8446,46.75,2.2372,50.125,2.0089,48.125,6.0906,1.375,1.2845
4,ADV=0.0005,STD,29.3333,0.0798,33.375,0.1374,40.2917,0.2435,34.3333,0.4608,5.0,0.127
5,ADV=0.0005,MIT g=0.022 and tau=0.1,22.6667,0.0872,29.8333,0.1172,33.0,0.1411,28.5,0.3456,5.8333,0.0861
6,ADV=0.0005,MIT g=0.022 and tau=0.3,22.6667,0.0872,29.8333,0.1172,33.0,0.1411,28.5,0.3456,5.8333,0.0861
7,ADV=0.0005,MIT g=0.068 and tau=0.5,26.75,0.0406,32.5,0.125,30.0,0.0812,29.75,0.2469,3.0,0.0687
8,ADV=0.001,STD,37.4167,0.0924,41.9167,0.1027,50.125,0.3421,43.1528,0.5373,5.7361,0.1483
9,ADV=0.001,MIT g=0.147 and tau=0.1,29.6875,0.0943,35.8125,0.1875,38.9375,0.1421,34.8125,0.4239,5.125,0.1099
10,ADV=0.001,MIT g=0.022 and tau=0.3,30.0,0.105,36.6667,0.0594,38.5,0.1978,35.0556,0.3622,5.0556,0.0857
11,ADV=0.001,MIT g=0.068 and tau=0.5,34.75,0.0156,41.25,0.3006,34.0,0.0512,36.6667,0.3675,2.6667,0.1054
12,ADV=0.005,STD,66.3333,0.1028,65.0417,0.0673,78.7917,0.1907,70.0556,0.3608,5.0139,0.0978
13,ADV=0.005,MIT g=0.002 and tau=0.1,58.75,0.0559,61.0,0.3725,47.625,0.1498,55.7917,0.5783,8.1667,0.1428
14,ADV=0.005,MIT g=0.022 and tau=0.3,62.1667,0.0061,54.0,0.0778,51.3333,0.3289,55.8333,0.4128,4.5,0.028
15,ADV=0.005,MIT g=0.147 and tau=0.5,58.75,0.0794,55.75,0.2406,55.75,0.2156,56.75,0.5356,1.0,0.0983
16,"AUG=0.01, ADV=0.0005",STD,49.4167,0.1262,55.5417,0.2429,57.2083,0.3591,54.0556,0.7282,4.6389,0.2007
17,"AUG=0.01, ADV=0.001",STD,62.375,0.1861,70.125,0.2098,69.2917,0.2814,67.2639,0.6774,4.8889,0.1638
18,"AUG=0.01, ADV=0.005",STD,86.375,0.1192,89.25,0.0955,91.625,0.1128,89.0833,0.3276,2.7083,0.0695
19,"AUG=0.05, ADV=0.0005",STD,55.2917,1.6869,59.2917,1.6185,59.1667,1.2808,57.9167,4.5862,2.625,0.9664
20,"AUG=0.05, ADV=0.001",STD,62.1667,1.1706,66.3333,1.4258,67.625,1.0673,65.375,3.6637,3.2083,0.831
21,"AUG=0.05, ADV=0.005",STD,76.875,0.9284,78.5833,1.304,77.125,1.347,77.5278,3.5794,0.6528,0.8837
22,"AUG=0.1, ADV=0.0005",STD,56.5833,2.1147,58.0833,2.0544,57.9167,2.0362,57.5278,6.2052,0.9444,1.3635
23,"AUG=0.1, ADV=0.001",STD,61.7917,1.9957,62.4583,2.0151,65.875,1.7197,63.375,5.7306,1.5833,1.2449
24,"AUG=0.1, ADV=0.005",STD,70.125,2.0172,72.0417,1.8477,70.2917,1.935,70.8194,5.7999,0.6944,1.2609
