,TS,ERR^CI,ERR^CI std,ERR^CJ,ERR^CJ std,ERR^CS,ERR^CS std,ERR,ERR std,W_ERR,W_ERR std,CIC,CIC std
0,NOAUG,14.8,0.9912,19.8333,1.0613,28.0667,1.2037,20.9,3.2562,15.6318,3.2562,6.1,0.755
1,"AUG, g=0.0001",14.4444,1.1562,18.8889,1.6654,28.2778,2.2704,20.537,5.092,15.2753,5.092,6.0926,1.3119
2,"AUG, g=0.00019952623149688788",15.0,1.2247,20.1667,1.5762,25.8333,1.6049,20.3333,4.4059,15.7273,4.4059,5.3333,1.0604
3,"AUG, g=0.00039810717055349735",14.9444,1.0856,17.3333,1.5533,27.5,1.6175,19.9259,4.2565,15.6237,4.2565,4.9815,1.057
4,"AUG, g=0.0007943282347242813",16.75,1.591,17.0,0.7071,28.0,1.0607,20.5833,3.3588,17.2727,3.3588,3.8333,0.5893
5,"AUG, g=0.001584893192461114",16.2222,1.0741,20.3333,1.2983,27.6667,2.5283,21.4074,4.9007,16.9293,4.9007,5.1852,1.2755
6,"AUG, g=0.0031622776601683794",16.0833,1.0445,16.3333,0.9955,26.0,1.9862,19.4722,4.0262,16.5455,4.0262,3.3889,0.9939
7,"AUG, g=0.00630957344480193",15.2778,1.4197,19.2222,1.8251,29.1667,2.3377,21.2222,5.5825,16.0884,5.5825,5.9444,1.3876
8,"AUG, g=0.012589254117941675",16.0,1.4429,19.0714,1.6587,26.8571,0.9763,20.6429,4.0779,16.6331,4.0779,4.6429,0.8783
9,"AUG, g=0.025118864315095794",15.5556,0.9711,19.6667,1.9186,28.5,2.2273,21.2407,5.117,16.3308,5.117,5.6852,1.382
10,"AUG, g=0.0501187233627272",15.75,1.591,19.25,1.591,26.5,2.1213,20.5,5.3033,16.3977,5.3033,4.75,1.2374
11,"AUG, g=0.1",17.5,1.1379,18.25,1.3312,27.5,1.9435,21.0833,4.4126,17.9886,4.4126,3.5833,1.0916
12,"ADV, CLSDIV=0, eps=0.0001",19.125,0.6051,18.875,1.2055,38.125,0.7401,25.375,2.5507,19.9773,2.5507,6.5,0.4484
13,"ADV, CLSDIV=0, eps=0.000630957344480193",19.375,2.6119,18.375,1.4953,39.625,4.8194,25.7917,8.9267,20.25,8.9267,7.4167,2.4771
14,"ADV, CLSDIV=0, eps=0.003981071705534973",15.5,1.5736,19.75,1.7961,34.625,1.5981,23.2917,4.9678,16.5625,4.9678,7.7917,1.1314
15,"ADV, CLSDIV=0, eps=0.025118864315095822",25.75,6.0939,18.5,1.9321,39.75,6.6369,28.0,14.6629,26.0568,14.6629,9.5,4.2436
16,"ADV, CLSDIV=0, eps=0.15848931924611143",36.5,11.5998,26.25,11.6213,48.5,11.9517,37.0833,35.1728,36.5795,35.1728,10.8333,7.8505
17,"ADV, CLSDIV=0, eps=1.0",49.875,13.949,52.125,14.7872,47.625,14.2573,49.875,42.9935,49.875,42.9935,2.25,9.5788
18,"ADV, CLSDIV=1, eps=0.0001",20.8333,3.3363,18.5,1.1177,38.6667,3.2235,26.0,7.6775,21.5379,7.6775,7.5,2.1866
19,"ADV, CLSDIV=1, eps=0.000630957344480193",18.0,1.383,18.8333,0.8289,35.5,3.4164,24.1111,5.6283,18.8333,5.6283,6.1111,1.4151
20,"ADV, CLSDIV=1, eps=0.003981071705534973",19.6667,2.2848,17.6667,2.5438,33.5,2.7703,23.6111,7.5989,20.2045,7.5989,5.9444,1.6851
21,"ADV, CLSDIV=1, eps=0.025118864315095822",24.0,5.0074,18.5,2.0373,38.0,3.0093,26.8333,10.0541,24.3864,10.0541,8.3333,2.6723
22,"ADV, CLSDIV=1, eps=0.15848931924611143",32.8333,8.082,23.3333,5.7234,47.1667,9.7316,34.4444,23.5371,33.053,23.5371,11.1111,5.9379
23,"ADV, CLSDIV=1, eps=1.0",49.5,20.8894,45.0,19.7634,50.0,20.2763,48.1667,60.9292,49.3182,60.9292,3.1667,13.7219
24,"TOTAUG, CLSDIV=0, g=0.0001, eps=0.0001",-100.0,0.0,-100.0,0.0,-100.0,0.0,-100.0,0.0,-100.0,0.0,0.0,0.0
25,"TOTAUG, CLSDIV=0, g=0.0001, eps=0.000630957344480193",-100.0,0.0,-100.0,0.0,-100.0,0.0,-100.0,0.0,-100.0,0.0,0.0,0.0
26,"TOTAUG, CLSDIV=0, g=0.0001, eps=0.003981071705534973",-100.0,0.0,-100.0,0.0,-100.0,0.0,-100.0,0.0,-100.0,0.0,0.0,0.0
27,"TOTAUG, CLSDIV=0, g=0.0001, eps=0.025118864315095822",-100.0,0.0,-100.0,0.0,-100.0,0.0,-100.0,0.0,-100.0,0.0,0.0,0.0
28,"TOTAUG, CLSDIV=0, g=0.0001, eps=0.15848931924611143",-100.0,0.0,-100.0,0.0,-100.0,0.0,-100.0,0.0,-100.0,0.0,0.0,0.0
29,"TOTAUG, CLSDIV=0, g=0.0001, eps=1.0",-100.0,0.0,-100.0,0.0,-100.0,0.0,-100.0,0.0,-100.0,0.0,0.0,0.0
30,"TOTAUG, CLSDIV=0, g=0.00019952623149688788, eps=0.0001",-100.0,0.0,-100.0,0.0,-100.0,0.0,-100.0,0.0,-100.0,0.0,0.0,0.0
31,"TOTAUG, CLSDIV=0, g=0.00019952623149688788, eps=0.000630957344480193",-100.0,0.0,-100.0,0.0,-100.0,0.0,-100.0,0.0,-100.0,0.0,0.0,0.0
32,"TOTAUG, CLSDIV=0, g=0.00019952623149688788, eps=0.003981071705534973",-100.0,0.0,-100.0,0.0,-100.0,0.0,-100.0,0.0,-100.0,0.0,0.0,0.0
33,"TOTAUG, CLSDIV=0, g=0.00019952623149688788, eps=0.025118864315095822",-100.0,0.0,-100.0,0.0,-100.0,0.0,-100.0,0.0,-100.0,0.0,0.0,0.0
34,"TOTAUG, CLSDIV=0, g=0.00019952623149688788, eps=0.15848931924611143",-100.0,0.0,-100.0,0.0,-100.0,0.0,-100.0,0.0,-100.0,0.0,0.0,0.0
35,"TOTAUG, CLSDIV=0, g=0.00019952623149688788, eps=1.0",-100.0,0.0,-100.0,0.0,-100.0,0.0,-100.0,0.0,-100.0,0.0,0.0,0.0
36,"TOTAUG, CLSDIV=0, g=0.00039810717055349735, eps=0.0001",-100.0,0.0,-100.0,0.0,-100.0,0.0,-100.0,0.0,-100.0,0.0,0.0,0.0
37,"TOTAUG, CLSDIV=0, g=0.00039810717055349735, eps=0.000630957344480193",-100.0,0.0,-100.0,0.0,-100.0,0.0,-100.0,0.0,-100.0,0.0,0.0,0.0
38,"TOTAUG, CLSDIV=0, g=0.00039810717055349735, eps=0.003981071705534973",-100.0,0.0,-100.0,0.0,-100.0,0.0,-100.0,0.0,-100.0,0.0,0.0,0.0
39,"TOTAUG, CLSDIV=0, g=0.00039810717055349735, eps=0.025118864315095822",-100.0,0.0,-100.0,0.0,-100.0,0.0,-100.0,0.0,-100.0,0.0,0.0,0.0
40,"TOTAUG, CLSDIV=0, g=0.00039810717055349735, eps=0.15848931924611143",-100.0,0.0,-100.0,0.0,-100.0,0.0,-100.0,0.0,-100.0,0.0,0.0,0.0
41,"TOTAUG, CLSDIV=0, g=0.00039810717055349735, eps=1.0",-100.0,0.0,-100.0,0.0,-100.0,0.0,-100.0,0.0,-100.0,0.0,0.0,0.0
42,"TOTAUG, CLSDIV=0, g=0.0007943282347242813, eps=0.0001",-100.0,0.0,-100.0,0.0,-100.0,0.0,-100.0,0.0,-100.0,0.0,0.0,0.0
43,"TOTAUG, CLSDIV=0, g=0.0007943282347242813, eps=0.000630957344480193",-100.0,0.0,-100.0,0.0,-100.0,0.0,-100.0,0.0,-100.0,0.0,0.0,0.0
44,"TOTAUG, CLSDIV=0, g=0.0007943282347242813, eps=0.003981071705534973",-100.0,0.0,-100.0,0.0,-100.0,0.0,-100.0,0.0,-100.0,0.0,0.0,0.0
45,"TOTAUG, CLSDIV=0, g=0.0007943282347242813, eps=0.025118864315095822",-100.0,0.0,-100.0,0.0,-100.0,0.0,-100.0,0.0,-100.0,0.0,0.0,0.0
46,"TOTAUG, CLSDIV=0, g=0.0007943282347242813, eps=0.15848931924611143",-100.0,0.0,-100.0,0.0,-100.0,0.0,-100.0,0.0,-100.0,0.0,0.0,0.0
47,"TOTAUG, CLSDIV=0, g=0.0007943282347242813, eps=1.0",-100.0,0.0,-100.0,0.0,-100.0,0.0,-100.0,0.0,-100.0,0.0,0.0,0.0
48,"TOTAUG, CLSDIV=0, g=0.001584893192461114, eps=0.0001",-100.0,0.0,-100.0,0.0,-100.0,0.0,-100.0,0.0,-100.0,0.0,0.0,0.0
49,"TOTAUG, CLSDIV=0, g=0.001584893192461114, eps=0.000630957344480193",-100.0,0.0,-100.0,0.0,-100.0,0.0,-100.0,0.0,-100.0,0.0,0.0,0.0
50,"TOTAUG, CLSDIV=0, g=0.001584893192461114, eps=0.003981071705534973",-100.0,0.0,-100.0,0.0,-100.0,0.0,-100.0,0.0,-100.0,0.0,0.0,0.0
51,"TOTAUG, CLSDIV=0, g=0.001584893192461114, eps=0.025118864315095822",-100.0,0.0,-100.0,0.0,-100.0,0.0,-100.0,0.0,-100.0,0.0,0.0,0.0
52,"TOTAUG, CLSDIV=0, g=0.001584893192461114, eps=0.15848931924611143",-100.0,0.0,-100.0,0.0,-100.0,0.0,-100.0,0.0,-100.0,0.0,0.0,0.0
53,"TOTAUG, CLSDIV=0, g=0.001584893192461114, eps=1.0",-100.0,0.0,-100.0,0.0,-100.0,0.0,-100.0,0.0,-100.0,0.0,0.0,0.0
54,"TOTAUG, CLSDIV=0, g=0.0031622776601683794, eps=0.0001",-100.0,0.0,-100.0,0.0,-100.0,0.0,-100.0,0.0,-100.0,0.0,0.0,0.0
55,"TOTAUG, CLSDIV=0, g=0.0031622776601683794, eps=0.000630957344480193",-100.0,0.0,-100.0,0.0,-100.0,0.0,-100.0,0.0,-100.0,0.0,0.0,0.0
56,"TOTAUG, CLSDIV=0, g=0.0031622776601683794, eps=0.003981071705534973",-100.0,0.0,-100.0,0.0,-100.0,0.0,-100.0,0.0,-100.0,0.0,0.0,0.0
57,"TOTAUG, CLSDIV=0, g=0.0031622776601683794, eps=0.025118864315095822",-100.0,0.0,-100.0,0.0,-100.0,0.0,-100.0,0.0,-100.0,0.0,0.0,0.0
58,"TOTAUG, CLSDIV=0, g=0.0031622776601683794, eps=0.15848931924611143",-100.0,0.0,-100.0,0.0,-100.0,0.0,-100.0,0.0,-100.0,0.0,0.0,0.0
59,"TOTAUG, CLSDIV=0, g=0.0031622776601683794, eps=1.0",-100.0,0.0,-100.0,0.0,-100.0,0.0,-100.0,0.0,-100.0,0.0,0.0,0.0
60,"TOTAUG, CLSDIV=0, g=0.00630957344480193, eps=0.0001",-100.0,0.0,-100.0,0.0,-100.0,0.0,-100.0,0.0,-100.0,0.0,0.0,0.0
61,"TOTAUG, CLSDIV=0, g=0.00630957344480193, eps=0.000630957344480193",-100.0,0.0,-100.0,0.0,-100.0,0.0,-100.0,0.0,-100.0,0.0,0.0,0.0
62,"TOTAUG, CLSDIV=0, g=0.00630957344480193, eps=0.003981071705534973",-100.0,0.0,-100.0,0.0,-100.0,0.0,-100.0,0.0,-100.0,0.0,0.0,0.0
63,"TOTAUG, CLSDIV=0, g=0.00630957344480193, eps=0.025118864315095822",-100.0,0.0,-100.0,0.0,-100.0,0.0,-100.0,0.0,-100.0,0.0,0.0,0.0
64,"TOTAUG, CLSDIV=0, g=0.00630957344480193, eps=0.15848931924611143",-100.0,0.0,-100.0,0.0,-100.0,0.0,-100.0,0.0,-100.0,0.0,0.0,0.0
65,"TOTAUG, CLSDIV=0, g=0.00630957344480193, eps=1.0",-100.0,0.0,-100.0,0.0,-100.0,0.0,-100.0,0.0,-100.0,0.0,0.0,0.0
66,"TOTAUG, CLSDIV=0, g=0.012589254117941675, eps=0.0001",-100.0,0.0,-100.0,0.0,-100.0,0.0,-100.0,0.0,-100.0,0.0,0.0,0.0
67,"TOTAUG, CLSDIV=0, g=0.012589254117941675, eps=0.000630957344480193",-100.0,0.0,-100.0,0.0,-100.0,0.0,-100.0,0.0,-100.0,0.0,0.0,0.0
68,"TOTAUG, CLSDIV=0, g=0.012589254117941675, eps=0.003981071705534973",-100.0,0.0,-100.0,0.0,-100.0,0.0,-100.0,0.0,-100.0,0.0,0.0,0.0
69,"TOTAUG, CLSDIV=0, g=0.012589254117941675, eps=0.025118864315095822",-100.0,0.0,-100.0,0.0,-100.0,0.0,-100.0,0.0,-100.0,0.0,0.0,0.0
70,"TOTAUG, CLSDIV=0, g=0.012589254117941675, eps=0.15848931924611143",-100.0,0.0,-100.0,0.0,-100.0,0.0,-100.0,0.0,-100.0,0.0,0.0,0.0
71,"TOTAUG, CLSDIV=0, g=0.012589254117941675, eps=1.0",-100.0,0.0,-100.0,0.0,-100.0,0.0,-100.0,0.0,-100.0,0.0,0.0,0.0
72,"TOTAUG, CLSDIV=0, g=0.025118864315095794, eps=0.0001",-100.0,0.0,-100.0,0.0,-100.0,0.0,-100.0,0.0,-100.0,0.0,0.0,0.0
73,"TOTAUG, CLSDIV=0, g=0.025118864315095794, eps=0.000630957344480193",-100.0,0.0,-100.0,0.0,-100.0,0.0,-100.0,0.0,-100.0,0.0,0.0,0.0
74,"TOTAUG, CLSDIV=0, g=0.025118864315095794, eps=0.003981071705534973",-100.0,0.0,-100.0,0.0,-100.0,0.0,-100.0,0.0,-100.0,0.0,0.0,0.0
75,"TOTAUG, CLSDIV=0, g=0.025118864315095794, eps=0.025118864315095822",-100.0,0.0,-100.0,0.0,-100.0,0.0,-100.0,0.0,-100.0,0.0,0.0,0.0
76,"TOTAUG, CLSDIV=0, g=0.025118864315095794, eps=0.15848931924611143",-100.0,0.0,-100.0,0.0,-100.0,0.0,-100.0,0.0,-100.0,0.0,0.0,0.0
77,"TOTAUG, CLSDIV=0, g=0.025118864315095794, eps=1.0",-100.0,0.0,-100.0,0.0,-100.0,0.0,-100.0,0.0,-100.0,0.0,0.0,0.0
78,"TOTAUG, CLSDIV=0, g=0.0501187233627272, eps=0.0001",-100.0,0.0,-100.0,0.0,-100.0,0.0,-100.0,0.0,-100.0,0.0,0.0,0.0
79,"TOTAUG, CLSDIV=0, g=0.0501187233627272, eps=0.000630957344480193",-100.0,0.0,-100.0,0.0,-100.0,0.0,-100.0,0.0,-100.0,0.0,0.0,0.0
80,"TOTAUG, CLSDIV=0, g=0.0501187233627272, eps=0.003981071705534973",-100.0,0.0,-100.0,0.0,-100.0,0.0,-100.0,0.0,-100.0,0.0,0.0,0.0
81,"TOTAUG, CLSDIV=0, g=0.0501187233627272, eps=0.025118864315095822",-100.0,0.0,-100.0,0.0,-100.0,0.0,-100.0,0.0,-100.0,0.0,0.0,0.0
82,"TOTAUG, CLSDIV=0, g=0.0501187233627272, eps=0.15848931924611143",-100.0,0.0,-100.0,0.0,-100.0,0.0,-100.0,0.0,-100.0,0.0,0.0,0.0
83,"TOTAUG, CLSDIV=0, g=0.0501187233627272, eps=1.0",-100.0,0.0,-100.0,0.0,-100.0,0.0,-100.0,0.0,-100.0,0.0,0.0,0.0
84,"TOTAUG, CLSDIV=0, g=0.1, eps=0.0001",-100.0,0.0,-100.0,0.0,-100.0,0.0,-100.0,0.0,-100.0,0.0,0.0,0.0
85,"TOTAUG, CLSDIV=0, g=0.1, eps=0.000630957344480193",-100.0,0.0,-100.0,0.0,-100.0,0.0,-100.0,0.0,-100.0,0.0,0.0,0.0
86,"TOTAUG, CLSDIV=0, g=0.1, eps=0.003981071705534973",-100.0,0.0,-100.0,0.0,-100.0,0.0,-100.0,0.0,-100.0,0.0,0.0,0.0
87,"TOTAUG, CLSDIV=0, g=0.1, eps=0.025118864315095822",-100.0,0.0,-100.0,0.0,-100.0,0.0,-100.0,0.0,-100.0,0.0,0.0,0.0
88,"TOTAUG, CLSDIV=0, g=0.1, eps=0.15848931924611143",-100.0,0.0,-100.0,0.0,-100.0,0.0,-100.0,0.0,-100.0,0.0,0.0,0.0
89,"TOTAUG, CLSDIV=0, g=0.1, eps=1.0",-100.0,0.0,-100.0,0.0,-100.0,0.0,-100.0,0.0,-100.0,0.0,0.0,0.0
90,"TOTAUG, CLSDIV=1, g=0.0001, eps=0.0001",-100.0,0.0,-100.0,0.0,-100.0,0.0,-100.0,0.0,-100.0,0.0,0.0,0.0
91,"TOTAUG, CLSDIV=1, g=0.0001, eps=0.000630957344480193",-100.0,0.0,-100.0,0.0,-100.0,0.0,-100.0,0.0,-100.0,0.0,0.0,0.0
92,"TOTAUG, CLSDIV=1, g=0.0001, eps=0.003981071705534973",-100.0,0.0,-100.0,0.0,-100.0,0.0,-100.0,0.0,-100.0,0.0,0.0,0.0
93,"TOTAUG, CLSDIV=1, g=0.0001, eps=0.025118864315095822",-100.0,0.0,-100.0,0.0,-100.0,0.0,-100.0,0.0,-100.0,0.0,0.0,0.0
94,"TOTAUG, CLSDIV=1, g=0.0001, eps=0.15848931924611143",-100.0,0.0,-100.0,0.0,-100.0,0.0,-100.0,0.0,-100.0,0.0,0.0,0.0
95,"TOTAUG, CLSDIV=1, g=0.0001, eps=1.0",-100.0,0.0,-100.0,0.0,-100.0,0.0,-100.0,0.0,-100.0,0.0,0.0,0.0
96,"TOTAUG, CLSDIV=1, g=0.00019952623149688788, eps=0.0001",-100.0,0.0,-100.0,0.0,-100.0,0.0,-100.0,0.0,-100.0,0.0,0.0,0.0
97,"TOTAUG, CLSDIV=1, g=0.00019952623149688788, eps=0.000630957344480193",-100.0,0.0,-100.0,0.0,-100.0,0.0,-100.0,0.0,-100.0,0.0,0.0,0.0
98,"TOTAUG, CLSDIV=1, g=0.00019952623149688788, eps=0.003981071705534973",-100.0,0.0,-100.0,0.0,-100.0,0.0,-100.0,0.0,-100.0,0.0,0.0,0.0
99,"TOTAUG, CLSDIV=1, g=0.00019952623149688788, eps=0.025118864315095822",-100.0,0.0,-100.0,0.0,-100.0,0.0,-100.0,0.0,-100.0,0.0,0.0,0.0
100,"TOTAUG, CLSDIV=1, g=0.00019952623149688788, eps=0.15848931924611143",-100.0,0.0,-100.0,0.0,-100.0,0.0,-100.0,0.0,-100.0,0.0,0.0,0.0
101,"TOTAUG, CLSDIV=1, g=0.00019952623149688788, eps=1.0",-100.0,0.0,-100.0,0.0,-100.0,0.0,-100.0,0.0,-100.0,0.0,0.0,0.0
102,"TOTAUG, CLSDIV=1, g=0.00039810717055349735, eps=0.0001",-100.0,0.0,-100.0,0.0,-100.0,0.0,-100.0,0.0,-100.0,0.0,0.0,0.0
103,"TOTAUG, CLSDIV=1, g=0.00039810717055349735, eps=0.000630957344480193",-100.0,0.0,-100.0,0.0,-100.0,0.0,-100.0,0.0,-100.0,0.0,0.0,0.0
104,"TOTAUG, CLSDIV=1, g=0.00039810717055349735, eps=0.003981071705534973",-100.0,0.0,-100.0,0.0,-100.0,0.0,-100.0,0.0,-100.0,0.0,0.0,0.0
105,"TOTAUG, CLSDIV=1, g=0.00039810717055349735, eps=0.025118864315095822",-100.0,0.0,-100.0,0.0,-100.0,0.0,-100.0,0.0,-100.0,0.0,0.0,0.0
106,"TOTAUG, CLSDIV=1, g=0.00039810717055349735, eps=0.15848931924611143",-100.0,0.0,-100.0,0.0,-100.0,0.0,-100.0,0.0,-100.0,0.0,0.0,0.0
107,"TOTAUG, CLSDIV=1, g=0.00039810717055349735, eps=1.0",-100.0,0.0,-100.0,0.0,-100.0,0.0,-100.0,0.0,-100.0,0.0,0.0,0.0
108,"TOTAUG, CLSDIV=1, g=0.0007943282347242813, eps=0.0001",-100.0,0.0,-100.0,0.0,-100.0,0.0,-100.0,0.0,-100.0,0.0,0.0,0.0
109,"TOTAUG, CLSDIV=1, g=0.0007943282347242813, eps=0.000630957344480193",-100.0,0.0,-100.0,0.0,-100.0,0.0,-100.0,0.0,-100.0,0.0,0.0,0.0
110,"TOTAUG, CLSDIV=1, g=0.0007943282347242813, eps=0.003981071705534973",-100.0,0.0,-100.0,0.0,-100.0,0.0,-100.0,0.0,-100.0,0.0,0.0,0.0
111,"TOTAUG, CLSDIV=1, g=0.0007943282347242813, eps=0.025118864315095822",-100.0,0.0,-100.0,0.0,-100.0,0.0,-100.0,0.0,-100.0,0.0,0.0,0.0
112,"TOTAUG, CLSDIV=1, g=0.0007943282347242813, eps=0.15848931924611143",-100.0,0.0,-100.0,0.0,-100.0,0.0,-100.0,0.0,-100.0,0.0,0.0,0.0
113,"TOTAUG, CLSDIV=1, g=0.0007943282347242813, eps=1.0",-100.0,0.0,-100.0,0.0,-100.0,0.0,-100.0,0.0,-100.0,0.0,0.0,0.0
114,"TOTAUG, CLSDIV=1, g=0.001584893192461114, eps=0.0001",-100.0,0.0,-100.0,0.0,-100.0,0.0,-100.0,0.0,-100.0,0.0,0.0,0.0
115,"TOTAUG, CLSDIV=1, g=0.001584893192461114, eps=0.000630957344480193",-100.0,0.0,-100.0,0.0,-100.0,0.0,-100.0,0.0,-100.0,0.0,0.0,0.0
116,"TOTAUG, CLSDIV=1, g=0.001584893192461114, eps=0.003981071705534973",-100.0,0.0,-100.0,0.0,-100.0,0.0,-100.0,0.0,-100.0,0.0,0.0,0.0
117,"TOTAUG, CLSDIV=1, g=0.001584893192461114, eps=0.025118864315095822",-100.0,0.0,-100.0,0.0,-100.0,0.0,-100.0,0.0,-100.0,0.0,0.0,0.0
118,"TOTAUG, CLSDIV=1, g=0.001584893192461114, eps=0.15848931924611143",-100.0,0.0,-100.0,0.0,-100.0,0.0,-100.0,0.0,-100.0,0.0,0.0,0.0
119,"TOTAUG, CLSDIV=1, g=0.001584893192461114, eps=1.0",-100.0,0.0,-100.0,0.0,-100.0,0.0,-100.0,0.0,-100.0,0.0,0.0,0.0
120,"TOTAUG, CLSDIV=1, g=0.0031622776601683794, eps=0.0001",-100.0,0.0,-100.0,0.0,-100.0,0.0,-100.0,0.0,-100.0,0.0,0.0,0.0
121,"TOTAUG, CLSDIV=1, g=0.0031622776601683794, eps=0.000630957344480193",-100.0,0.0,-100.0,0.0,-100.0,0.0,-100.0,0.0,-100.0,0.0,0.0,0.0
122,"TOTAUG, CLSDIV=1, g=0.0031622776601683794, eps=0.003981071705534973",-100.0,0.0,-100.0,0.0,-100.0,0.0,-100.0,0.0,-100.0,0.0,0.0,0.0
123,"TOTAUG, CLSDIV=1, g=0.0031622776601683794, eps=0.025118864315095822",-100.0,0.0,-100.0,0.0,-100.0,0.0,-100.0,0.0,-100.0,0.0,0.0,0.0
124,"TOTAUG, CLSDIV=1, g=0.0031622776601683794, eps=0.15848931924611143",-100.0,0.0,-100.0,0.0,-100.0,0.0,-100.0,0.0,-100.0,0.0,0.0,0.0
125,"TOTAUG, CLSDIV=1, g=0.0031622776601683794, eps=1.0",-100.0,0.0,-100.0,0.0,-100.0,0.0,-100.0,0.0,-100.0,0.0,0.0,0.0
126,"TOTAUG, CLSDIV=1, g=0.00630957344480193, eps=0.0001",-100.0,0.0,-100.0,0.0,-100.0,0.0,-100.0,0.0,-100.0,0.0,0.0,0.0
127,"TOTAUG, CLSDIV=1, g=0.00630957344480193, eps=0.000630957344480193",-100.0,0.0,-100.0,0.0,-100.0,0.0,-100.0,0.0,-100.0,0.0,0.0,0.0
128,"TOTAUG, CLSDIV=1, g=0.00630957344480193, eps=0.003981071705534973",-100.0,0.0,-100.0,0.0,-100.0,0.0,-100.0,0.0,-100.0,0.0,0.0,0.0
129,"TOTAUG, CLSDIV=1, g=0.00630957344480193, eps=0.025118864315095822",-100.0,0.0,-100.0,0.0,-100.0,0.0,-100.0,0.0,-100.0,0.0,0.0,0.0
130,"TOTAUG, CLSDIV=1, g=0.00630957344480193, eps=0.15848931924611143",-100.0,0.0,-100.0,0.0,-100.0,0.0,-100.0,0.0,-100.0,0.0,0.0,0.0
131,"TOTAUG, CLSDIV=1, g=0.00630957344480193, eps=1.0",-100.0,0.0,-100.0,0.0,-100.0,0.0,-100.0,0.0,-100.0,0.0,0.0,0.0
132,"TOTAUG, CLSDIV=1, g=0.012589254117941675, eps=0.0001",-100.0,0.0,-100.0,0.0,-100.0,0.0,-100.0,0.0,-100.0,0.0,0.0,0.0
133,"TOTAUG, CLSDIV=1, g=0.012589254117941675, eps=0.000630957344480193",-100.0,0.0,-100.0,0.0,-100.0,0.0,-100.0,0.0,-100.0,0.0,0.0,0.0
134,"TOTAUG, CLSDIV=1, g=0.012589254117941675, eps=0.003981071705534973",-100.0,0.0,-100.0,0.0,-100.0,0.0,-100.0,0.0,-100.0,0.0,0.0,0.0
135,"TOTAUG, CLSDIV=1, g=0.012589254117941675, eps=0.025118864315095822",-100.0,0.0,-100.0,0.0,-100.0,0.0,-100.0,0.0,-100.0,0.0,0.0,0.0
136,"TOTAUG, CLSDIV=1, g=0.012589254117941675, eps=0.15848931924611143",-100.0,0.0,-100.0,0.0,-100.0,0.0,-100.0,0.0,-100.0,0.0,0.0,0.0
137,"TOTAUG, CLSDIV=1, g=0.012589254117941675, eps=1.0",-100.0,0.0,-100.0,0.0,-100.0,0.0,-100.0,0.0,-100.0,0.0,0.0,0.0
138,"TOTAUG, CLSDIV=1, g=0.025118864315095794, eps=0.0001",-100.0,0.0,-100.0,0.0,-100.0,0.0,-100.0,0.0,-100.0,0.0,0.0,0.0
139,"TOTAUG, CLSDIV=1, g=0.025118864315095794, eps=0.000630957344480193",-100.0,0.0,-100.0,0.0,-100.0,0.0,-100.0,0.0,-100.0,0.0,0.0,0.0
140,"TOTAUG, CLSDIV=1, g=0.025118864315095794, eps=0.003981071705534973",-100.0,0.0,-100.0,0.0,-100.0,0.0,-100.0,0.0,-100.0,0.0,0.0,0.0
141,"TOTAUG, CLSDIV=1, g=0.025118864315095794, eps=0.025118864315095822",-100.0,0.0,-100.0,0.0,-100.0,0.0,-100.0,0.0,-100.0,0.0,0.0,0.0
142,"TOTAUG, CLSDIV=1, g=0.025118864315095794, eps=0.15848931924611143",-100.0,0.0,-100.0,0.0,-100.0,0.0,-100.0,0.0,-100.0,0.0,0.0,0.0
143,"TOTAUG, CLSDIV=1, g=0.025118864315095794, eps=1.0",-100.0,0.0,-100.0,0.0,-100.0,0.0,-100.0,0.0,-100.0,0.0,0.0,0.0
144,"TOTAUG, CLSDIV=1, g=0.0501187233627272, eps=0.0001",-100.0,0.0,-100.0,0.0,-100.0,0.0,-100.0,0.0,-100.0,0.0,0.0,0.0
145,"TOTAUG, CLSDIV=1, g=0.0501187233627272, eps=0.000630957344480193",-100.0,0.0,-100.0,0.0,-100.0,0.0,-100.0,0.0,-100.0,0.0,0.0,0.0
146,"TOTAUG, CLSDIV=1, g=0.0501187233627272, eps=0.003981071705534973",-100.0,0.0,-100.0,0.0,-100.0,0.0,-100.0,0.0,-100.0,0.0,0.0,0.0
147,"TOTAUG, CLSDIV=1, g=0.0501187233627272, eps=0.025118864315095822",-100.0,0.0,-100.0,0.0,-100.0,0.0,-100.0,0.0,-100.0,0.0,0.0,0.0
148,"TOTAUG, CLSDIV=1, g=0.0501187233627272, eps=0.15848931924611143",-100.0,0.0,-100.0,0.0,-100.0,0.0,-100.0,0.0,-100.0,0.0,0.0,0.0
149,"TOTAUG, CLSDIV=1, g=0.0501187233627272, eps=1.0",-100.0,0.0,-100.0,0.0,-100.0,0.0,-100.0,0.0,-100.0,0.0,0.0,0.0
150,"TOTAUG, CLSDIV=1, g=0.1, eps=0.0001",-100.0,0.0,-100.0,0.0,-100.0,0.0,-100.0,0.0,-100.0,0.0,0.0,0.0
151,"TOTAUG, CLSDIV=1, g=0.1, eps=0.000630957344480193",-100.0,0.0,-100.0,0.0,-100.0,0.0,-100.0,0.0,-100.0,0.0,0.0,0.0
152,"TOTAUG, CLSDIV=1, g=0.1, eps=0.003981071705534973",-100.0,0.0,-100.0,0.0,-100.0,0.0,-100.0,0.0,-100.0,0.0,0.0,0.0
153,"TOTAUG, CLSDIV=1, g=0.1, eps=0.025118864315095822",-100.0,0.0,-100.0,0.0,-100.0,0.0,-100.0,0.0,-100.0,0.0,0.0,0.0
154,"TOTAUG, CLSDIV=1, g=0.1, eps=0.15848931924611143",-100.0,0.0,-100.0,0.0,-100.0,0.0,-100.0,0.0,-100.0,0.0,0.0,0.0
155,"TOTAUG, CLSDIV=1, g=0.1, eps=1.0",-100.0,0.0,-100.0,0.0,-100.0,0.0,-100.0,0.0,-100.0,0.0,0.0,0.0
