,TS,ERR^LC,ERR^LC std,ERR^LF,ERR^LF std,ERR^LT,ERR^LT std,ERR,ERR std,W_ERR,W_ERR std,CIC,CIC std
0,NOAUG,10.3462,0.8961,16.0769,1.2618,23.6923,1.711,16.7051,3.8689,11.2133,3.8689,6.359,0.9909
1,"AUG, g=0.0001",10.0,1.0779,13.1667,1.1532,22.8333,2.3143,15.3333,4.5454,10.7273,4.5454,5.3333,1.1558
2,"AUG, g=0.00019952623149688788",11.0,1.8439,14.0,1.4005,18.1667,3.9605,14.3889,7.2048,11.4621,7.2048,3.3889,1.787
3,"AUG, g=0.00039810717055349735",9.4375,0.6687,14.4375,1.1653,22.125,2.877,15.3333,4.7109,10.2415,4.7109,5.8958,1.3474
4,"AUG, g=0.0007943282347242813",11.0,1.0607,16.25,0.8839,19.75,0.5303,15.6667,2.4749,11.6364,2.4749,4.6667,0.4714
5,"AUG, g=0.001584893192461114",10.6667,0.9756,17.2778,1.7673,21.8889,1.4343,16.6111,4.1771,11.4773,4.1771,5.9444,1.0672
6,"AUG, g=0.0031622776601683794",11.5714,1.2662,14.8571,1.2495,21.2143,1.1727,15.881,3.6883,12.1591,3.6883,4.3095,0.8074
7,"AUG, g=0.00630957344480193",9.5556,1.1023,16.6667,1.3035,19.7222,1.948,15.3148,4.3539,10.3409,4.3539,5.7593,1.0838
8,"AUG, g=0.012589254117941675",10.1667,1.3571,16.5833,2.1715,21.6667,2.0275,16.1389,5.5561,10.9811,5.5561,5.9722,1.3997
9,"AUG, g=0.025118864315095794",11.0,1.0876,18.25,1.1296,20.95,1.5252,16.7333,3.7424,11.7818,3.7424,5.7333,0.8849
10,"AUG, g=0.0501187233627272",11.0,1.3224,18.6667,1.5194,21.6667,3.9944,17.1111,6.8362,11.8333,6.8362,6.1111,1.8379
11,"AUG, g=0.1",12.8125,1.5718,17.1875,2.0605,19.875,1.9749,16.625,5.6073,13.3324,5.6073,3.8125,1.3451
12,"ADV, CLSDIV=0, eps=0.0001",13.1667,2.5509,15.6667,3.6238,25.0,3.1292,17.9444,9.3039,13.8182,9.3039,4.7778,2.251
13,"ADV, CLSDIV=0, eps=0.000630957344480193",12.8333,1.7916,16.0,2.0558,23.0,1.0838,17.2778,4.9312,13.4394,4.9312,4.4444,1.0465
14,"ADV, CLSDIV=0, eps=0.003981071705534973",16.8333,3.451,16.8333,3.4761,26.6667,2.1688,20.1111,9.0959,17.2803,9.0959,3.2778,1.8733
15,"ADV, CLSDIV=0, eps=0.025118864315095822",14.5,2.06,19.0,1.095,28.5,2.73,20.6667,5.8851,15.3409,5.8851,6.1667,1.275
16,"ADV, CLSDIV=0, eps=0.15848931924611143",13.0,1.9845,17.3333,1.8717,23.6667,1.5728,18.0,5.429,13.6818,5.429,5.0,1.1482
17,"ADV, CLSDIV=0, eps=1.0",17.0,1.5478,18.3333,2.8819,24.1667,2.0141,19.8333,6.4438,17.3864,6.4438,2.8333,1.632
18,"ADV, CLSDIV=1, eps=0.0001",15.3333,0.9638,18.1667,2.1085,23.0,1.6582,18.8333,4.7306,15.8106,4.7306,3.5,1.2556
19,"ADV, CLSDIV=1, eps=0.000630957344480193",14.6667,1.7005,18.1667,1.98,27.3333,4.5069,20.0556,8.1874,15.4015,8.1874,5.3889,2.1623
20,"ADV, CLSDIV=1, eps=0.003981071705534973",14.6667,1.8024,14.8333,3.3963,27.0,2.761,18.8333,7.9598,15.2348,7.9598,4.1667,2.0524
21,"ADV, CLSDIV=1, eps=0.025118864315095822",14.0,2.1065,15.6667,3.3882,19.8333,5.5054,16.5,11.0002,14.3409,11.0002,2.5,2.9645
22,"ADV, CLSDIV=1, eps=0.15848931924611143",15.0,3.0983,17.6667,0.9922,25.8333,3.4533,19.5,7.5438,15.6136,7.5438,4.5,1.4818
23,"ADV, CLSDIV=1, eps=1.0",20.6667,3.4362,18.0,2.8964,25.1667,0.7201,21.2778,7.0528,20.75,7.0528,3.2778,1.3854
24,"TOTAUG, CLSDIV=0, g=0.0001, eps=0.0001",-100.0,0.0,-100.0,0.0,-100.0,0.0,-100.0,0.0,-100.0,0.0,0.0,0.0
25,"TOTAUG, CLSDIV=0, g=0.0001, eps=0.000630957344480193",-100.0,0.0,-100.0,0.0,-100.0,0.0,-100.0,0.0,-100.0,0.0,0.0,0.0
26,"TOTAUG, CLSDIV=0, g=0.0001, eps=0.003981071705534973",-100.0,0.0,-100.0,0.0,-100.0,0.0,-100.0,0.0,-100.0,0.0,0.0,0.0
27,"TOTAUG, CLSDIV=0, g=0.0001, eps=0.025118864315095822",-100.0,0.0,-100.0,0.0,-100.0,0.0,-100.0,0.0,-100.0,0.0,0.0,0.0
28,"TOTAUG, CLSDIV=0, g=0.0001, eps=0.15848931924611143",-100.0,0.0,-100.0,0.0,-100.0,0.0,-100.0,0.0,-100.0,0.0,0.0,0.0
29,"TOTAUG, CLSDIV=0, g=0.0001, eps=1.0",-100.0,0.0,-100.0,0.0,-100.0,0.0,-100.0,0.0,-100.0,0.0,0.0,0.0
30,"TOTAUG, CLSDIV=0, g=0.000630957344480193, eps=0.0001",-100.0,0.0,-100.0,0.0,-100.0,0.0,-100.0,0.0,-100.0,0.0,0.0,0.0
31,"TOTAUG, CLSDIV=0, g=0.000630957344480193, eps=0.000630957344480193",-100.0,0.0,-100.0,0.0,-100.0,0.0,-100.0,0.0,-100.0,0.0,0.0,0.0
32,"TOTAUG, CLSDIV=0, g=0.000630957344480193, eps=0.003981071705534973",-100.0,0.0,-100.0,0.0,-100.0,0.0,-100.0,0.0,-100.0,0.0,0.0,0.0
33,"TOTAUG, CLSDIV=0, g=0.000630957344480193, eps=0.025118864315095822",-100.0,0.0,-100.0,0.0,-100.0,0.0,-100.0,0.0,-100.0,0.0,0.0,0.0
34,"TOTAUG, CLSDIV=0, g=0.000630957344480193, eps=0.15848931924611143",-100.0,0.0,-100.0,0.0,-100.0,0.0,-100.0,0.0,-100.0,0.0,0.0,0.0
35,"TOTAUG, CLSDIV=0, g=0.000630957344480193, eps=1.0",-100.0,0.0,-100.0,0.0,-100.0,0.0,-100.0,0.0,-100.0,0.0,0.0,0.0
36,"TOTAUG, CLSDIV=0, g=0.003981071705534973, eps=0.0001",-100.0,0.0,-100.0,0.0,-100.0,0.0,-100.0,0.0,-100.0,0.0,0.0,0.0
37,"TOTAUG, CLSDIV=0, g=0.003981071705534973, eps=0.000630957344480193",-100.0,0.0,-100.0,0.0,-100.0,0.0,-100.0,0.0,-100.0,0.0,0.0,0.0
38,"TOTAUG, CLSDIV=0, g=0.003981071705534973, eps=0.003981071705534973",-100.0,0.0,-100.0,0.0,-100.0,0.0,-100.0,0.0,-100.0,0.0,0.0,0.0
39,"TOTAUG, CLSDIV=0, g=0.003981071705534973, eps=0.025118864315095822",-100.0,0.0,-100.0,0.0,-100.0,0.0,-100.0,0.0,-100.0,0.0,0.0,0.0
40,"TOTAUG, CLSDIV=0, g=0.003981071705534973, eps=0.15848931924611143",-100.0,0.0,-100.0,0.0,-100.0,0.0,-100.0,0.0,-100.0,0.0,0.0,0.0
41,"TOTAUG, CLSDIV=0, g=0.003981071705534973, eps=1.0",-100.0,0.0,-100.0,0.0,-100.0,0.0,-100.0,0.0,-100.0,0.0,0.0,0.0
42,"TOTAUG, CLSDIV=0, g=0.025118864315095822, eps=0.0001",-100.0,0.0,-100.0,0.0,-100.0,0.0,-100.0,0.0,-100.0,0.0,0.0,0.0
43,"TOTAUG, CLSDIV=0, g=0.025118864315095822, eps=0.000630957344480193",-100.0,0.0,-100.0,0.0,-100.0,0.0,-100.0,0.0,-100.0,0.0,0.0,0.0
44,"TOTAUG, CLSDIV=0, g=0.025118864315095822, eps=0.003981071705534973",-100.0,0.0,-100.0,0.0,-100.0,0.0,-100.0,0.0,-100.0,0.0,0.0,0.0
45,"TOTAUG, CLSDIV=0, g=0.025118864315095822, eps=0.025118864315095822",-100.0,0.0,-100.0,0.0,-100.0,0.0,-100.0,0.0,-100.0,0.0,0.0,0.0
46,"TOTAUG, CLSDIV=0, g=0.025118864315095822, eps=0.15848931924611143",-100.0,0.0,-100.0,0.0,-100.0,0.0,-100.0,0.0,-100.0,0.0,0.0,0.0
47,"TOTAUG, CLSDIV=0, g=0.025118864315095822, eps=1.0",-100.0,0.0,-100.0,0.0,-100.0,0.0,-100.0,0.0,-100.0,0.0,0.0,0.0
48,"TOTAUG, CLSDIV=0, g=0.15848931924611143, eps=0.0001",-100.0,0.0,-100.0,0.0,-100.0,0.0,-100.0,0.0,-100.0,0.0,0.0,0.0
49,"TOTAUG, CLSDIV=0, g=0.15848931924611143, eps=0.000630957344480193",-100.0,0.0,-100.0,0.0,-100.0,0.0,-100.0,0.0,-100.0,0.0,0.0,0.0
50,"TOTAUG, CLSDIV=0, g=0.15848931924611143, eps=0.003981071705534973",-100.0,0.0,-100.0,0.0,-100.0,0.0,-100.0,0.0,-100.0,0.0,0.0,0.0
51,"TOTAUG, CLSDIV=0, g=0.15848931924611143, eps=0.025118864315095822",-100.0,0.0,-100.0,0.0,-100.0,0.0,-100.0,0.0,-100.0,0.0,0.0,0.0
52,"TOTAUG, CLSDIV=0, g=0.15848931924611143, eps=0.15848931924611143",-100.0,0.0,-100.0,0.0,-100.0,0.0,-100.0,0.0,-100.0,0.0,0.0,0.0
53,"TOTAUG, CLSDIV=0, g=0.15848931924611143, eps=1.0",-100.0,0.0,-100.0,0.0,-100.0,0.0,-100.0,0.0,-100.0,0.0,0.0,0.0
54,"TOTAUG, CLSDIV=0, g=1.0, eps=0.0001",-100.0,0.0,-100.0,0.0,-100.0,0.0,-100.0,0.0,-100.0,0.0,0.0,0.0
55,"TOTAUG, CLSDIV=0, g=1.0, eps=0.000630957344480193",-100.0,0.0,-100.0,0.0,-100.0,0.0,-100.0,0.0,-100.0,0.0,0.0,0.0
56,"TOTAUG, CLSDIV=0, g=1.0, eps=0.003981071705534973",-100.0,0.0,-100.0,0.0,-100.0,0.0,-100.0,0.0,-100.0,0.0,0.0,0.0
57,"TOTAUG, CLSDIV=0, g=1.0, eps=0.025118864315095822",-100.0,0.0,-100.0,0.0,-100.0,0.0,-100.0,0.0,-100.0,0.0,0.0,0.0
58,"TOTAUG, CLSDIV=0, g=1.0, eps=0.15848931924611143",-100.0,0.0,-100.0,0.0,-100.0,0.0,-100.0,0.0,-100.0,0.0,0.0,0.0
59,"TOTAUG, CLSDIV=0, g=1.0, eps=1.0",-100.0,0.0,-100.0,0.0,-100.0,0.0,-100.0,0.0,-100.0,0.0,0.0,0.0
60,"TOTAUG, CLSDIV=1, g=0.0001, eps=0.0001",-100.0,0.0,-100.0,0.0,-100.0,0.0,-100.0,0.0,-100.0,0.0,0.0,0.0
61,"TOTAUG, CLSDIV=1, g=0.0001, eps=0.000630957344480193",-100.0,0.0,-100.0,0.0,-100.0,0.0,-100.0,0.0,-100.0,0.0,0.0,0.0
62,"TOTAUG, CLSDIV=1, g=0.0001, eps=0.003981071705534973",-100.0,0.0,-100.0,0.0,-100.0,0.0,-100.0,0.0,-100.0,0.0,0.0,0.0
63,"TOTAUG, CLSDIV=1, g=0.0001, eps=0.025118864315095822",-100.0,0.0,-100.0,0.0,-100.0,0.0,-100.0,0.0,-100.0,0.0,0.0,0.0
64,"TOTAUG, CLSDIV=1, g=0.0001, eps=0.15848931924611143",-100.0,0.0,-100.0,0.0,-100.0,0.0,-100.0,0.0,-100.0,0.0,0.0,0.0
65,"TOTAUG, CLSDIV=1, g=0.0001, eps=1.0",-100.0,0.0,-100.0,0.0,-100.0,0.0,-100.0,0.0,-100.0,0.0,0.0,0.0
66,"TOTAUG, CLSDIV=1, g=0.000630957344480193, eps=0.0001",-100.0,0.0,-100.0,0.0,-100.0,0.0,-100.0,0.0,-100.0,0.0,0.0,0.0
67,"TOTAUG, CLSDIV=1, g=0.000630957344480193, eps=0.000630957344480193",-100.0,0.0,-100.0,0.0,-100.0,0.0,-100.0,0.0,-100.0,0.0,0.0,0.0
68,"TOTAUG, CLSDIV=1, g=0.000630957344480193, eps=0.003981071705534973",-100.0,0.0,-100.0,0.0,-100.0,0.0,-100.0,0.0,-100.0,0.0,0.0,0.0
69,"TOTAUG, CLSDIV=1, g=0.000630957344480193, eps=0.025118864315095822",-100.0,0.0,-100.0,0.0,-100.0,0.0,-100.0,0.0,-100.0,0.0,0.0,0.0
70,"TOTAUG, CLSDIV=1, g=0.000630957344480193, eps=0.15848931924611143",-100.0,0.0,-100.0,0.0,-100.0,0.0,-100.0,0.0,-100.0,0.0,0.0,0.0
71,"TOTAUG, CLSDIV=1, g=0.000630957344480193, eps=1.0",-100.0,0.0,-100.0,0.0,-100.0,0.0,-100.0,0.0,-100.0,0.0,0.0,0.0
72,"TOTAUG, CLSDIV=1, g=0.003981071705534973, eps=0.0001",-100.0,0.0,-100.0,0.0,-100.0,0.0,-100.0,0.0,-100.0,0.0,0.0,0.0
73,"TOTAUG, CLSDIV=1, g=0.003981071705534973, eps=0.000630957344480193",-100.0,0.0,-100.0,0.0,-100.0,0.0,-100.0,0.0,-100.0,0.0,0.0,0.0
74,"TOTAUG, CLSDIV=1, g=0.003981071705534973, eps=0.003981071705534973",-100.0,0.0,-100.0,0.0,-100.0,0.0,-100.0,0.0,-100.0,0.0,0.0,0.0
75,"TOTAUG, CLSDIV=1, g=0.003981071705534973, eps=0.025118864315095822",-100.0,0.0,-100.0,0.0,-100.0,0.0,-100.0,0.0,-100.0,0.0,0.0,0.0
76,"TOTAUG, CLSDIV=1, g=0.003981071705534973, eps=0.15848931924611143",-100.0,0.0,-100.0,0.0,-100.0,0.0,-100.0,0.0,-100.0,0.0,0.0,0.0
77,"TOTAUG, CLSDIV=1, g=0.003981071705534973, eps=1.0",-100.0,0.0,-100.0,0.0,-100.0,0.0,-100.0,0.0,-100.0,0.0,0.0,0.0
78,"TOTAUG, CLSDIV=1, g=0.025118864315095822, eps=0.0001",-100.0,0.0,-100.0,0.0,-100.0,0.0,-100.0,0.0,-100.0,0.0,0.0,0.0
79,"TOTAUG, CLSDIV=1, g=0.025118864315095822, eps=0.000630957344480193",-100.0,0.0,-100.0,0.0,-100.0,0.0,-100.0,0.0,-100.0,0.0,0.0,0.0
80,"TOTAUG, CLSDIV=1, g=0.025118864315095822, eps=0.003981071705534973",-100.0,0.0,-100.0,0.0,-100.0,0.0,-100.0,0.0,-100.0,0.0,0.0,0.0
81,"TOTAUG, CLSDIV=1, g=0.025118864315095822, eps=0.025118864315095822",-100.0,0.0,-100.0,0.0,-100.0,0.0,-100.0,0.0,-100.0,0.0,0.0,0.0
82,"TOTAUG, CLSDIV=1, g=0.025118864315095822, eps=0.15848931924611143",-100.0,0.0,-100.0,0.0,-100.0,0.0,-100.0,0.0,-100.0,0.0,0.0,0.0
83,"TOTAUG, CLSDIV=1, g=0.025118864315095822, eps=1.0",-100.0,0.0,-100.0,0.0,-100.0,0.0,-100.0,0.0,-100.0,0.0,0.0,0.0
84,"TOTAUG, CLSDIV=1, g=0.15848931924611143, eps=0.0001",-100.0,0.0,-100.0,0.0,-100.0,0.0,-100.0,0.0,-100.0,0.0,0.0,0.0
85,"TOTAUG, CLSDIV=1, g=0.15848931924611143, eps=0.000630957344480193",-100.0,0.0,-100.0,0.0,-100.0,0.0,-100.0,0.0,-100.0,0.0,0.0,0.0
86,"TOTAUG, CLSDIV=1, g=0.15848931924611143, eps=0.003981071705534973",-100.0,0.0,-100.0,0.0,-100.0,0.0,-100.0,0.0,-100.0,0.0,0.0,0.0
87,"TOTAUG, CLSDIV=1, g=0.15848931924611143, eps=0.025118864315095822",-100.0,0.0,-100.0,0.0,-100.0,0.0,-100.0,0.0,-100.0,0.0,0.0,0.0
88,"TOTAUG, CLSDIV=1, g=0.15848931924611143, eps=0.15848931924611143",-100.0,0.0,-100.0,0.0,-100.0,0.0,-100.0,0.0,-100.0,0.0,0.0,0.0
89,"TOTAUG, CLSDIV=1, g=0.15848931924611143, eps=1.0",-100.0,0.0,-100.0,0.0,-100.0,0.0,-100.0,0.0,-100.0,0.0,0.0,0.0
90,"TOTAUG, CLSDIV=1, g=1.0, eps=0.0001",-100.0,0.0,-100.0,0.0,-100.0,0.0,-100.0,0.0,-100.0,0.0,0.0,0.0
91,"TOTAUG, CLSDIV=1, g=1.0, eps=0.000630957344480193",-100.0,0.0,-100.0,0.0,-100.0,0.0,-100.0,0.0,-100.0,0.0,0.0,0.0
92,"TOTAUG, CLSDIV=1, g=1.0, eps=0.003981071705534973",-100.0,0.0,-100.0,0.0,-100.0,0.0,-100.0,0.0,-100.0,0.0,0.0,0.0
93,"TOTAUG, CLSDIV=1, g=1.0, eps=0.025118864315095822",-100.0,0.0,-100.0,0.0,-100.0,0.0,-100.0,0.0,-100.0,0.0,0.0,0.0
94,"TOTAUG, CLSDIV=1, g=1.0, eps=0.15848931924611143",-100.0,0.0,-100.0,0.0,-100.0,0.0,-100.0,0.0,-100.0,0.0,0.0,0.0
95,"TOTAUG, CLSDIV=1, g=1.0, eps=1.0",-100.0,0.0,-100.0,0.0,-100.0,0.0,-100.0,0.0,-100.0,0.0,0.0,0.0
