,TestSet,Mitigation,ERR^LC,ERR^LC std,ERR^LF,ERR^LF std,ERR^LT,ERR^LT std,ERR,ERR std,CIC,CIC std
0,NOAUG,STD,29.55,0.2106,21.0,0.1507,38.4,0.3462,29.65,0.7075,8.65,0.1856
1,NOAUG,MIT gamma=0.19,30.5,0.4375,14.3333,0.0572,28.25,0.059,24.3611,0.5537,10.0278,0.1655
2,ADV=0.0005,STD,41.8,0.2558,33.7,0.3622,50.9,0.3754,42.1333,0.9935,8.4333,0.2104
3,ADV=0.0005,MIT gamma=0.19,40.0833,0.3845,17.3333,0.0436,27.75,0.0781,28.3889,0.5062,11.0556,0.1542
4,ADV=0.001,STD,50.25,0.3444,42.7,0.4281,60.75,0.3778,51.2333,1.1504,8.5333,0.2407
5,ADV=0.001,MIT gamma=0.19,47.4167,0.3859,19.0,0.054,27.8333,0.0869,31.4167,0.5269,12.4167,0.1576
6,ADV=0.005,STD,75.55,0.3267,65.9,0.364,85.9,0.21,75.7833,0.9007,9.8833,0.1789
7,ADV=0.005,MIT gamma=0.19,72.9167,0.2709,25.0833,0.1253,28.8333,0.2051,42.2778,0.6014,17.1944,0.1587
8,AUG=0.01,STD,37.8,0.1843,32.65,0.2111,44.05,0.2112,38.1667,0.6067,5.5167,0.1319
9,AUG=0.01,MIT gamma=0.19,38.3333,0.4074,28.8333,0.1307,39.0,0.7617,35.3889,1.2997,6.5556,0.3897
10,AUG=0.05,STD,45.9,0.6498,43.95,0.7534,48.75,0.6664,46.2,2.0696,2.25,0.4387
11,AUG=0.05,MIT gamma=0.19,46.6667,0.4647,39.5,1.6349,45.3333,1.6368,43.8333,3.7364,4.3333,0.7005
12,AUG=0.1,STD,46.4,1.2714,46.75,1.5383,48.65,1.261,47.2667,4.0707,0.8667,0.9331
13,AUG=0.1,MIT gamma=0.19,47.5,1.5896,43.0,1.3153,49.1667,3.1043,46.5556,6.0092,3.5556,1.5646
14,"AUG=0.01, ADV=0.0005",STD,57.25,0.1888,55.7,0.3396,61.65,0.4636,58.2,0.9921,2.5,0.2175
15,"AUG=0.01, ADV=0.0005",MIT gamma=0.19,53.0,0.5537,34.0833,0.3526,38.5,0.7149,41.8611,1.6212,7.7778,0.4229
16,"AUG=0.01, ADV=0.001",STD,69.0,0.1735,68.5,0.373,72.5,0.37,70.0,0.9165,1.5,0.1812
17,"AUG=0.01, ADV=0.001",MIT gamma=0.19,59.5833,0.5103,38.5833,0.3092,37.5,0.8033,45.2222,1.6229,7.7222,0.2732
18,"AUG=0.01, ADV=0.005",STD,89.05,0.1047,88.0,0.1088,93.1,0.1022,90.05,0.3157,2.05,0.069
19,"AUG=0.01, ADV=0.005",MIT gamma=0.19,85.8333,0.224,41.9167,0.6626,38.75,0.4717,55.5,1.3583,16.75,0.2955
20,"AUG=0.05, ADV=0.0005",STD,65.35,0.836,65.25,1.0418,66.55,0.6226,65.7167,2.5005,0.4667,0.4862
21,"AUG=0.05, ADV=0.0005",MIT gamma=0.19,58.0833,0.3153,45.1667,1.4699,45.25,2.0626,49.5,3.8478,4.3333,0.7926
22,"AUG=0.05, ADV=0.001",STD,66.55,0.7507,65.95,0.5802,69.6,0.794,67.3667,2.1249,1.4167,0.5149
23,"AUG=0.05, ADV=0.001",MIT gamma=0.19,61.5,0.6386,41.8333,0.5156,45.3333,2.3432,49.5556,3.4974,7.7222,0.9939
24,"AUG=0.05, ADV=0.005",STD,82.55,0.8317,82.95,0.9336,83.6,1.1948,83.0333,2.9601,0.4833,0.7095
25,"AUG=0.05, ADV=0.005",MIT gamma=0.19,78.5,0.9044,46.3333,1.0926,46.6667,1.3168,57.1667,3.3139,10.8333,0.7404
26,"AUG=0.1, ADV=0.0005",STD,66.4,0.793,65.2,1.041,67.55,0.9777,66.3833,2.8117,1.1833,0.5902
27,"AUG=0.1, ADV=0.0005",MIT gamma=0.19,58.1667,0.6961,45.8333,1.5897,49.3333,3.0606,51.1111,5.3464,5.2778,1.2522
28,"AUG=0.1, ADV=0.001",STD,65.2,1.5368,64.5,1.5629,64.6,1.6524,64.7667,4.7521,0.2667,1.0631
29,"AUG=0.1, ADV=0.001",MIT gamma=0.19,59.75,0.9306,42.5,0.8261,50.5,3.1036,50.9167,4.8603,8.4167,1.3447
30,"AUG=0.1, ADV=0.005",STD,77.05,1.9456,78.5,1.8738,78.3,1.9333,77.95,5.7527,0.9,1.269
31,"AUG=0.1, ADV=0.005",MIT gamma=0.19,72.1667,1.799,46.8333,2.0668,46.1667,3.3831,55.0556,7.2489,8.8889,1.2886
