,TestSet,Mitigation,ERR^CI,ERR^CI std,ERR^CJ,ERR^CJ std,ERR^CS,ERR^CS std,ERR,ERR std,CIC,CIC std
0,NOAUG,STD,34.0,0.0535,19.5,0.0623,47.6667,0.1239,33.7222,0.2397,14.2222,0.0591
1,NOAUG,MIT gamma=0.19,29.25,0.3484,15.625,0.0942,39.75,0.1806,28.2083,0.6233,12.5833,0.1764
2,ADV=0.0005,STD,51.8333,0.1107,31.2778,0.1486,70.6111,0.101,51.2407,0.3604,19.963,0.0706
3,ADV=0.0005,MIT gamma=0.19,40.625,0.4323,20.375,0.0586,57.125,0.1892,39.375,0.6802,19.0,0.2072
4,ADV=0.001,STD,65.9444,0.1532,42.6667,0.2001,84.3333,0.0625,64.3148,0.4159,21.6481,0.0719
5,ADV=0.001,MIT gamma=0.19,51.125,0.4867,25.625,0.0692,65.0,0.2422,47.25,0.7981,21.625,0.243
6,ADV=0.005,STD,88.6667,0.1188,75.5556,0.164,98.0,0.0072,87.4074,0.29,11.8519,0.042
7,ADV=0.005,MIT gamma=0.19,81.875,0.158,46.375,0.1405,82.625,0.0623,70.2917,0.3608,23.9167,0.0734
8,AUG=0.01,STD,39.4444,0.0554,27.6667,0.1105,50.5556,0.1915,39.2222,0.3575,11.5556,0.0823
9,AUG=0.01,MIT gamma=0.19,38.0,0.2047,23.125,0.0336,46.875,0.4723,36.0,0.7106,12.875,0.2257
10,AUG=0.05,STD,48.0556,1.428,45.1111,1.2686,51.0556,1.4535,48.0741,4.1501,2.963,0.9605
11,AUG=0.05,MIT gamma=0.19,49.125,0.6623,42.0,0.0609,45.625,3.7167,45.5833,4.44,3.5833,1.4597
12,AUG=0.1,STD,48.6667,2.3606,48.1111,2.3449,49.1111,2.604,48.6296,7.3094,0.5185,1.6548
13,AUG=0.1,MIT gamma=0.19,48.125,0.2986,47.5,0.0234,47.5,5.425,47.7083,5.747,0.2083,1.9079
14,"AUG=0.01, ADV=0.0005",STD,61.8889,0.1169,46.9444,0.2557,75.6111,0.1562,61.4815,0.5288,14.537,0.091
15,"AUG=0.01, ADV=0.0005",MIT gamma=0.19,51.125,0.2448,33.375,0.0892,61.625,0.4561,48.7083,0.7902,15.3333,0.2336
16,"AUG=0.01, ADV=0.001",STD,74.0,0.1001,58.3333,0.1748,84.8333,0.0698,72.3889,0.3446,14.0556,0.0566
17,"AUG=0.01, ADV=0.001",MIT gamma=0.19,59.125,0.1917,43.375,0.0411,70.0,0.4897,57.5,0.7225,14.125,0.2271
18,"AUG=0.01, ADV=0.005",STD,92.7778,0.0431,84.7222,0.093,97.1667,0.0209,91.5556,0.157,6.8333,0.0213
19,"AUG=0.01, ADV=0.005",MIT gamma=0.19,88.25,0.0309,63.125,0.1336,82.875,0.4117,78.0833,0.5762,14.9583,0.1476
20,"AUG=0.05, ADV=0.0005",STD,61.0556,0.8321,60.2778,0.7073,66.3333,1.1383,62.5556,2.6777,2.2778,0.6568
21,"AUG=0.05, ADV=0.0005",MIT gamma=0.19,57.125,0.9867,49.375,0.0911,61.5,2.2537,56.0,3.3316,6.625,1.0802
22,"AUG=0.05, ADV=0.001",STD,68.0556,1.0077,65.7778,1.1638,71.7222,1.0598,68.5185,3.2312,2.7407,0.6891
23,"AUG=0.05, ADV=0.001",MIT gamma=0.19,56.875,0.9117,53.0,0.055,62.0,2.1347,57.2917,3.1014,4.2917,1.0155
24,"AUG=0.05, ADV=0.005",STD,76.0,0.9979,72.1667,1.5022,75.2222,1.4459,74.463,3.946,2.2963,0.8146
25,"AUG=0.05, ADV=0.005",MIT gamma=0.19,76.0,0.4759,63.875,0.0317,65.875,3.6392,68.5833,4.1469,4.7083,1.3717
26,"AUG=0.1, ADV=0.0005",STD,59.3333,1.3659,60.2778,1.2215,60.0,1.1429,59.8704,3.7303,0.537,0.7881
27,"AUG=0.1, ADV=0.0005",MIT gamma=0.19,53.375,0.3261,50.625,0.0386,58.25,3.4581,54.0833,3.8228,3.4583,1.2614
28,"AUG=0.1, ADV=0.001",STD,64.6667,1.5335,63.8889,1.3828,64.1111,1.2808,64.2222,4.1971,0.3333,0.9381
29,"AUG=0.1, ADV=0.001",MIT gamma=0.19,56.5,0.5084,52.25,0.0069,59.875,3.4242,56.2083,3.9395,3.9583,1.3109
30,"AUG=0.1, ADV=0.005",STD,65.7778,1.7881,63.4444,2.0788,64.3889,2.6708,64.537,6.5377,1.0926,1.4863
31,"AUG=0.1, ADV=0.005",MIT gamma=0.19,66.5,1.655,57.875,0.0261,55.625,5.8236,60.0,7.5047,4.375,0.5604
