,TestSet,Mitigation,ERR^CI,ERR^CI std,ERR^CJ,ERR^CJ std,ERR^CS,ERR^CS std,ERR,ERR std,CIC,CIC std
0,NOAUG,STD,26.1,0.059,20.6,0.0702,40.5,0.0908,29.0667,0.22,8.4667,0.0499
1,AUG=0.01,STD,36.9,0.0714,32.0,0.0598,47.7,0.131,38.8667,0.2622,6.8667,0.0675
2,AUG=0.05,STD,46.5,0.6302,45.9,0.4934,48.7,0.304,47.0333,1.4276,1.1333,0.3114
3,AUG=0.1,STD,50.7,1.5986,49.3,1.3236,51.2,1.198,50.4,4.1202,1.1,0.9322
4,ADV=0.0005,STD,41.2,0.1596,35.9,0.0864,62.4,0.074,46.5,0.32,10.6,0.0779
5,ADV=0.0005,MIT g=0.002 and tau=0.1,30.375,0.1192,16.625,0.1186,41.5,0.2234,29.5,0.4612,12.875,0.1142
6,ADV=0.0005,MIT g=0.001 and tau=0.3,32.0,0.1567,18.3333,0.0897,41.75,0.1792,30.6944,0.4256,12.3611,0.112
7,ADV=0.0005,MIT g=0.015 and tau=0.5,33.0,0.1142,21.1,0.1092,40.4,0.086,31.5,0.3094,10.4,0.0667
8,ADV=0.001,STD,54.7,0.1148,48.6,0.198,77.3,0.0756,60.2,0.3884,11.6,0.0635
9,ADV=0.001,MIT g=0.001 and tau=0.1,41.75,0.1892,18.75,0.0901,43.5,0.2207,34.6667,0.5,15.9167,0.1366
10,ADV=0.001,MIT g=0.015 and tau=0.3,42.7,0.1628,22.0,0.1002,41.6,0.1042,35.4333,0.3672,13.4333,0.089
11,ADV=0.001,MIT g=0.015 and tau=0.5,42.7,0.1628,22.0,0.1002,41.6,0.1042,35.4333,0.3672,13.4333,0.089
12,ADV=0.005,STD,85.5,0.0248,81.5,0.129,96.6,0.014,87.8667,0.1678,6.3667,0.0129
13,ADV=0.005,MIT g=0.001 and tau=0.1,76.75,0.0784,23.75,0.1451,51.25,0.4092,50.5833,0.6327,26.8333,0.1625
14,ADV=0.005,MIT g=0.005 and tau=0.3,82.75,0.0156,27.0,0.02,47.5,0.1125,52.4167,0.1481,25.4167,0.0427
15,ADV=0.005,MIT g=0.015 and tau=0.5,77.0,0.1162,28.7,0.2898,52.8,0.2686,52.8333,0.6746,24.1333,0.1283
16,"AUG=0.01, ADV=0.0005",STD,54.5,0.0408,47.6,0.0934,68.9,0.146,57.0,0.2802,9.4,0.0623
17,"AUG=0.01, ADV=0.001",STD,66.6,0.2184,63.0,0.0662,79.9,0.1484,69.8333,0.433,6.8333,0.1223
18,"AUG=0.01, ADV=0.005",STD,90.9,0.0402,87.5,0.0718,96.8,0.026,91.7333,0.138,4.2333,0.0221
19,"AUG=0.05, ADV=0.0005",STD,61.1,0.2894,57.3,0.7608,62.7,0.4218,60.3667,1.472,3.0667,0.2371
20,"AUG=0.05, ADV=0.001",STD,65.8,0.4096,62.7,0.43,69.2,0.2846,65.9,1.1242,3.2,0.2314
21,"AUG=0.05, ADV=0.005",STD,72.3,1.511,73.8,1.2858,77.4,1.2324,74.5,4.0292,2.2,0.8394
22,"AUG=0.1, ADV=0.0005",STD,57.5,1.3708,58.4,1.3814,59.5,1.175,58.4667,3.9272,0.9667,0.8521
23,"AUG=0.1, ADV=0.001",STD,60.5,1.1478,59.7,1.5126,62.3,0.99,60.8333,3.6504,1.1333,0.7126
24,"AUG=0.1, ADV=0.005",STD,63.0,2.57,60.8,2.5486,62.0,2.4432,61.9333,7.5618,1.1333,1.6711
