,TestSet,Mitigation,ERR^LC,ERR^LC std,ERR^LF,ERR^LF std,ERR^LT,ERR^LT std,ERR,ERR std,CIC,CIC std
0,NOAUG,STD,21.05,0.0736,27.15,0.1681,43.95,0.4582,30.7167,0.7,9.6667,0.2088
1,NOAUG,MIT gamma=0.19,14.8333,0.1178,31.6667,0.1539,32.0,0.1878,26.1667,0.4594,11.3333,0.1139
2,ADV=0.0005,STD,33.65,0.138,39.2,0.2867,57.65,0.5638,43.5,0.9886,9.85,0.2835
3,ADV=0.0005,MIT gamma=0.19,23.0,0.0828,33.8333,0.0889,32.1667,0.1856,29.6667,0.3572,6.6667,0.0915
4,ADV=0.001,STD,42.9,0.2196,47.55,0.3471,66.7,0.3593,52.3833,0.9261,9.4833,0.2355
5,ADV=0.001,MIT gamma=0.19,31.1667,0.0978,34.5,0.0517,31.8333,0.1789,32.5,0.3283,1.3333,0.0769
6,ADV=0.005,STD,72.15,0.2881,71.5,0.2525,87.9,0.1925,77.1833,0.7331,5.6833,0.1602
7,ADV=0.005,MIT gamma=0.19,60.1667,0.0428,40.6667,0.0594,33.3333,0.3706,44.7222,0.4728,11.3889,0.0341
8,AUG=0.01,STD,32.05,0.1069,35.65,0.244,47.2,0.4156,38.3,0.7665,6.25,0.2199
9,AUG=0.01,MIT gamma=0.19,27.8333,0.1989,40.1667,0.2278,39.0,0.6378,35.6667,1.0644,7.8333,0.2885
10,AUG=0.05,STD,43.6,0.866,46.0,0.9415,48.05,0.9611,45.8833,2.7686,2.2833,0.6342
11,AUG=0.05,MIT gamma=0.19,37.1667,0.6822,44.8333,0.6444,44.5,4.6233,42.1667,5.95,5.0,1.7559
12,AUG=0.1,STD,44.9,1.114,46.3,1.6758,49.35,1.6035,46.85,4.3934,1.95,1.0931
13,AUG=0.1,MIT gamma=0.19,43.0,1.4411,49.6667,2.6222,47.6667,1.4689,46.7778,5.5322,3.7778,1.3637
14,"AUG=0.01, ADV=0.0005",STD,52.8,0.236,60.35,0.3393,64.95,0.4049,59.3667,0.9803,6.5667,0.2481
15,"AUG=0.01, ADV=0.0005",MIT gamma=0.19,41.8333,0.0689,43.3333,0.2489,38.3333,1.1961,41.1667,1.5139,2.8333,0.1059
16,"AUG=0.01, ADV=0.001",STD,66.8,0.2191,73.6,0.2474,76.15,0.3593,72.1833,0.8258,5.3833,0.2022
17,"AUG=0.01, ADV=0.001",MIT gamma=0.19,54.0,0.0633,45.3333,0.2456,39.1667,1.4806,46.1667,1.7894,7.0,0.103
18,"AUG=0.01, ADV=0.005",STD,88.05,0.0761,91.1,0.0427,94.0,0.0612,91.05,0.18,3.0,0.0346
19,"AUG=0.01, ADV=0.005",MIT gamma=0.19,83.3333,0.0078,54.0,0.2833,40.1667,1.0078,59.1667,1.2989,19.0,0.097
20,"AUG=0.05, ADV=0.0005",STD,66.4,0.3527,69.6,0.4839,71.3,0.4246,69.1,1.2612,2.7,0.3028
21,"AUG=0.05, ADV=0.0005",MIT gamma=0.19,50.1667,0.5122,52.1667,1.1506,48.8333,4.3339,50.3889,5.9967,1.5556,0.5543
22,"AUG=0.05, ADV=0.001",STD,69.65,0.8365,73.95,0.7792,75.75,0.9453,73.1167,2.5611,3.4667,0.5748
23,"AUG=0.05, ADV=0.001",MIT gamma=0.19,64.1667,0.3494,52.8333,0.6372,51.6667,3.3944,56.2222,4.3811,4.5556,0.3289
24,"AUG=0.05, ADV=0.005",STD,82.3,0.8825,84.45,1.0654,85.5,0.8363,84.0833,2.7842,1.7833,0.6339
25,"AUG=0.05, ADV=0.005",MIT gamma=0.19,72.6667,0.8844,57.1667,0.6556,46.5,2.2944,58.7778,3.8344,12.2778,0.5133
26,"AUG=0.1, ADV=0.0005",STD,69.6,0.2914,72.35,0.3641,74.15,0.4476,72.0333,1.1032,2.4333,0.2706
27,"AUG=0.1, ADV=0.0005",MIT gamma=0.19,51.1667,1.0389,50.8333,1.7389,49.1667,1.5761,50.3889,4.3539,1.2222,0.9259
28,"AUG=0.1, ADV=0.001",STD,69.7,0.8168,72.75,0.9468,71.7,1.0495,71.3833,2.8131,1.6833,0.6654
29,"AUG=0.1, ADV=0.001",MIT gamma=0.19,63.6667,1.2706,47.6667,1.7256,54.3333,0.8956,55.2222,3.8917,7.5556,0.722
30,"AUG=0.1, ADV=0.005",STD,78.6,1.5477,80.75,1.2893,79.65,1.3746,79.6667,4.2116,1.0667,0.888
31,"AUG=0.1, ADV=0.005",MIT gamma=0.19,65.0,2.5383,57.5,1.43,47.3333,0.8289,56.6111,4.7972,9.2778,1.3228
