,TestSet,Mitigation,ERR^CI,ERR^CI std,ERR^CJ,ERR^CJ std,ERR^CS,ERR^CS std,ERR,ERR std,CIC,CIC std
0,NOAUG,STD,31.3333,0.1451,16.5556,0.0399,44.5,0.1157,30.7963,0.3007,14.2407,0.0869
1,AUG=0.01,STD,39.4444,0.1027,27.0,0.1862,47.9444,0.1115,38.1296,0.4004,11.1296,0.0714
2,AUG=0.05,STD,46.3889,1.3505,44.6111,1.5755,50.5,1.5929,47.1667,4.5189,2.5556,0.9811
3,AUG=0.1,STD,50.9444,3.1623,48.3333,3.1956,51.0,3.3983,50.0926,9.7561,1.7593,2.1869
4,ADV=0.0005,STD,48.7778,0.1165,26.3889,0.1575,68.3889,0.173,47.8519,0.447,21.463,0.0965
5,ADV=0.0005,MIT g=0.100 and tau=0.1,35.5,0.0425,23.75,0.0631,49.75,0.0906,36.3333,0.1962,12.5833,0.0444
6,ADV=0.0005,MIT g=0.100 and tau=0.3,35.5,0.0425,23.75,0.0631,49.75,0.0906,36.3333,0.1962,12.5833,0.0444
7,ADV=0.0005,MIT g=0.100 and tau=0.5,35.5,0.0425,23.75,0.0631,49.75,0.0906,36.3333,0.1962,12.5833,0.0444
8,ADV=0.001,STD,62.6667,0.1172,35.9444,0.2468,80.6111,0.0767,59.7407,0.4407,23.7963,0.0646
9,ADV=0.001,MIT g=0.100 and tau=0.1,44.5,0.0513,30.25,0.0331,60.75,0.0181,45.1667,0.1025,14.9167,0.0231
10,ADV=0.001,MIT g=0.100 and tau=0.3,44.5,0.0513,30.25,0.0331,60.75,0.0181,45.1667,0.1025,14.9167,0.0231
11,ADV=0.001,MIT g=0.100 and tau=0.5,44.5,0.0513,30.25,0.0331,60.75,0.0181,45.1667,0.1025,14.9167,0.0231
12,ADV=0.005,STD,87.8889,0.0422,67.1111,0.1828,97.1111,0.0082,84.037,0.2332,16.9259,0.0168
13,ADV=0.005,MIT g=0.003 and tau=0.1,80.125,0.058,42.125,0.0461,78.25,0.0959,66.8333,0.2,24.7083,0.0513
14,ADV=0.005,MIT g=0.002 and tau=0.3,78.875,0.0492,46.625,0.0355,83.25,0.0444,69.5833,0.1291,22.9583,0.0312
15,ADV=0.005,MIT g=0.005 and tau=0.5,79.5,0.025,48.25,0.0156,81.25,0.0781,69.6667,0.1188,21.4167,0.0344
16,"AUG=0.01, ADV=0.0005",STD,58.1667,0.0803,41.5556,0.276,70.5,0.0844,56.7407,0.4407,15.1852,0.0549
17,"AUG=0.01, ADV=0.001",STD,72.4444,0.1734,54.1667,0.2106,84.4444,0.0852,70.3519,0.4692,16.1852,0.0862
18,"AUG=0.01, ADV=0.005",STD,92.2778,0.0228,81.0,0.1323,97.1667,0.0094,90.1481,0.1646,9.1481,0.0108
19,"AUG=0.05, ADV=0.0005",STD,61.9444,1.1246,58.6111,1.1386,63.0556,1.2335,61.2037,3.4966,2.5926,0.786
20,"AUG=0.05, ADV=0.001",STD,62.9444,1.0936,59.5,1.3303,62.1111,1.3404,61.5185,3.7643,2.0185,0.8113
21,"AUG=0.05, ADV=0.005",STD,74.1111,1.5199,72.9444,1.373,74.5556,1.3718,73.8704,4.2647,0.9259,0.9639
22,"AUG=0.1, ADV=0.0005",STD,59.6111,2.7988,59.5556,2.6273,60.8889,3.2991,60.0185,8.7253,0.463,2.0327
23,"AUG=0.1, ADV=0.001",STD,56.4444,2.2501,57.5,2.0833,57.5556,2.3801,57.1667,6.7135,0.7222,1.4878
24,"AUG=0.1, ADV=0.005",STD,64.4444,2.8023,63.4444,2.5193,63.2222,2.5898,63.7037,7.9114,0.4815,1.7739
