,TestSet,Mitigation,ERR^CI,ERR^CI std,ERR^CJ,ERR^CJ std,ERR^CS,ERR^CS std,ERR,ERR std,CIC,CIC std
0,NOAUG,STD,35.1111,0.2377,33.9444,0.1958,40.6111,0.3099,36.5556,0.7434,2.6111,0.1825
1,NOAUG,MIT gamma=0.100,26.375,0.1261,19.5,0.1609,31.25,0.1119,25.7083,0.3989,6.2083,0.0793
2,ADV=0.0005,STD,54.3889,0.286,52.8333,0.3028,62.6667,0.2489,56.6296,0.8377,3.7963,0.1783
3,ADV=0.0005,MIT gamma=0.100,36.75,0.1194,20.75,0.1344,36.125,0.0705,31.2083,0.3242,10.4583,0.0633
4,ADV=0.001,STD,70.2778,0.2858,67.7778,0.2797,77.0,0.197,71.6852,0.7625,3.9074,0.1609
5,ADV=0.001,MIT gamma=0.002,49.25,0.0994,21.25,0.0647,35.875,0.0148,35.4583,0.1789,14.2083,0.0381
6,ADV=0.005,STD,95.1667,0.0272,92.1667,0.1548,96.7778,0.0273,94.7037,0.2093,2.537,0.0182
7,ADV=0.005,MIT gamma=0.007,83.5,0.0744,27.6667,0.2922,43.3333,0.1428,51.5,0.5094,23.8333,0.0724
8,AUG=0.01,STD,40.9444,0.2606,39.0,0.2818,43.7222,0.3347,41.2222,0.8771,2.2222,0.1984
9,AUG=0.01,MIT gamma=0.002,36.75,0.4269,28.25,0.1309,41.125,0.1411,35.375,0.6989,7.125,0.1893
10,AUG=0.05,STD,49.3333,1.1094,46.1667,1.0675,47.8333,1.0066,47.7778,3.1836,1.6111,0.7053
11,AUG=0.05,MIT gamma=0.068,45.25,0.0731,39.0,0.5013,45.25,0.9981,43.1667,1.5725,4.1667,0.3571
12,AUG=0.1,STD,48.6111,1.3683,47.0,0.9533,49.7778,1.0677,48.463,3.3892,1.463,0.812
13,AUG=0.1,MIT gamma=0.068,44.75,0.0381,43.0,2.2162,45.75,1.6656,44.5,3.92,1.5,0.5679
14,"AUG=0.01, ADV=0.0005",STD,65.8333,0.3664,59.3889,0.3827,67.1667,0.312,64.1296,1.061,4.7407,0.2261
15,"AUG=0.01, ADV=0.0005",MIT gamma=0.007,49.1667,0.0956,28.1667,0.0906,41.5,0.1417,39.6111,0.3278,11.4444,0.0791
16,"AUG=0.01, ADV=0.001",STD,76.9444,0.2285,73.6667,0.4603,83.9444,0.2062,78.1852,0.895,4.5185,0.1449
17,"AUG=0.01, ADV=0.001",MIT gamma=0.015,56.7,0.4746,32.3,0.249,41.9,0.1182,43.6333,0.8418,11.3333,0.1976
18,"AUG=0.01, ADV=0.005",STD,95.8889,0.0195,93.7222,0.1352,96.9444,0.0251,95.5185,0.1798,1.7963,0.0149
19,"AUG=0.01, ADV=0.005",MIT gamma=0.007,89.0,0.1267,33.8333,0.6722,45.3333,0.2056,56.0556,1.0044,22.2222,0.1107
20,"AUG=0.05, ADV=0.0005",STD,73.9444,0.3234,72.2222,0.3425,75.0,0.3501,73.7222,1.016,1.5,0.2245
21,"AUG=0.05, ADV=0.0005",MIT gamma=0.015,53.5,0.8012,42.0,1.1028,47.6,0.1962,47.7,2.1002,5.7,0.3325
22,"AUG=0.05, ADV=0.001",STD,72.5556,1.1136,70.7222,1.0569,77.6667,0.8607,73.6481,3.0312,2.9259,0.6581
23,"AUG=0.05, ADV=0.001",MIT gamma=0.007,61.8333,0.2956,43.5,1.1578,41.8333,0.5606,49.0556,2.0139,7.2222,0.4844
24,"AUG=0.05, ADV=0.005",STD,83.8889,1.0449,81.5556,1.4165,82.6667,1.4683,82.7037,3.9298,1.1481,0.8377
25,"AUG=0.05, ADV=0.005",MIT gamma=0.015,72.5,1.2028,45.7,1.49,46.4,0.4592,54.8667,3.152,9.1667,0.554
26,"AUG=0.1, ADV=0.0005",STD,72.7778,0.3941,73.1667,0.4672,74.3889,0.6273,73.4444,1.4886,0.6667,0.3648
27,"AUG=0.1, ADV=0.0005",MIT gamma=0.001,51.5,1.6122,44.375,1.1217,45.875,1.4473,47.25,4.1812,2.875,1.0198
28,"AUG=0.1, ADV=0.001",STD,70.6667,1.2917,67.6111,1.3004,69.6667,0.9138,69.3148,3.5059,1.7037,0.7352
29,"AUG=0.1, ADV=0.001",MIT gamma=0.015,54.7,0.898,46.5,1.5838,47.3,0.084,49.5,2.5658,3.0,0.3273
30,"AUG=0.1, ADV=0.005",STD,74.3333,2.1233,75.6667,1.6849,77.7222,1.4299,75.9074,5.2381,1.5741,1.0383
31,"AUG=0.1, ADV=0.005",MIT gamma=0.015,67.4,1.84,47.9,1.414,48.5,1.897,54.6,5.151,6.7,1.2457
