,TestSet,Mitigation,ERR^LC,ERR^LC std,ERR^LF,ERR^LF std,ERR^LT,ERR^LT std,ERR,ERR std,CIC,CIC std
0,NOAUG,STD,31.8,0.1091,28.6,0.1454,15.1,0.0709,25.1667,0.3254,10.0667,0.0848
1,NOAUG,MIT,31.5,0.1207,32.8333,0.1443,14.8333,0.0386,26.3889,0.3036,11.5556,0.0883
2,ADV=0.0005,STD,46.65,0.1666,43.6,0.1462,22.9,0.0597,37.7167,0.3726,14.8167,0.1043
3,ADV=0.0005,MIT,40.5833,0.0934,41.75,0.2251,20.8333,0.0681,34.3889,0.3865,13.5556,0.1062
4,ADV=0.001,STD,56.7,0.1559,53.25,0.1534,29.3,0.078,46.4167,0.3873,17.1167,0.1031
5,ADV=0.001,MIT,48.5833,0.142,46.6667,0.1903,26.1667,0.0703,40.4722,0.4026,14.3056,0.1108
6,ADV=0.005,STD,80.35,0.0518,78.6,0.0935,60.45,0.1771,73.1333,0.3224,12.6833,0.0484
7,ADV=0.005,MIT,73.25,0.2176,63.8333,0.0806,47.5,0.0842,61.5278,0.3823,14.0278,0.0994
8,AUG=0.01,STD,37.1,0.1284,38.35,0.3916,30.3,0.2,35.25,0.72,4.95,0.1733
9,AUG=0.01,MIT,38.8333,0.836,40.75,0.7876,27.8333,0.1493,35.8056,1.7728,7.9722,0.5412
10,AUG=0.05,STD,46.05,1.1809,47.35,1.2611,42.45,1.5759,45.2833,4.018,2.8333,0.814
11,AUG=0.05,MIT,48.0833,0.4262,48.5,1.1774,40.75,1.5776,45.7778,3.1811,5.0278,0.5345
12,AUG=0.1,STD,46.8,1.3478,46.45,1.5801,43.7,1.4242,45.65,4.3522,1.95,0.976
13,AUG=0.1,MIT,46.25,1.3884,49.8333,0.6701,44.0833,1.632,46.7222,3.6906,2.6389,0.6862
14,"AUG=0.01, ADV=0.0005",STD,56.55,0.2156,60.2,0.2955,48.0,0.174,54.9167,0.6852,6.9167,0.1704
15,"AUG=0.01, ADV=0.0005",MIT,52.0,0.5028,52.3333,0.7976,40.0833,0.1078,48.1389,1.4083,8.0556,0.4335
16,"AUG=0.01, ADV=0.001",STD,69.1,0.1198,73.9,0.228,60.05,0.1429,67.6833,0.4907,7.6333,0.1159
17,"AUG=0.01, ADV=0.001",MIT,60.1667,0.5857,59.9167,0.4359,49.8333,0.0885,56.6389,1.1101,6.8056,0.3405
18,"AUG=0.01, ADV=0.005",STD,89.75,0.0933,90.8,0.1165,86.05,0.0654,88.8667,0.2753,2.8167,0.0699
19,"AUG=0.01, ADV=0.005",MIT,84.5,0.2136,72.5833,0.3603,72.0833,0.1512,76.3889,0.7251,4.3056,0.1913
20,"AUG=0.05, ADV=0.0005",STD,66.1,0.794,67.05,0.8459,62.6,0.5625,65.25,2.2024,2.65,0.5466
21,"AUG=0.05, ADV=0.0005",MIT,56.4167,1.1562,56.25,1.2401,53.5,1.0907,55.3889,3.4869,1.8889,0.7988
22,"AUG=0.05, ADV=0.001",STD,71.15,0.4775,68.35,0.8718,64.55,0.7746,68.0167,2.124,3.4667,0.4498
23,"AUG=0.05, ADV=0.001",MIT,60.8333,1.4201,58.3333,1.446,60.0,0.9215,59.7222,3.7876,1.3889,0.7806
24,"AUG=0.05, ADV=0.005",STD,83.6,0.5246,81.8,0.6385,82.85,0.557,82.75,1.7202,0.95,0.3606
25,"AUG=0.05, ADV=0.005",MIT,71.6667,0.6643,64.0833,1.082,71.25,1.6906,69.0,3.4369,4.9167,0.785
26,"AUG=0.1, ADV=0.0005",STD,66.35,0.8613,66.7,0.6714,62.35,0.814,65.1333,2.3467,2.7833,0.5109
27,"AUG=0.1, ADV=0.0005",MIT,57.25,0.8426,59.3333,1.3457,55.75,1.6401,57.4444,3.8283,1.6944,0.7294
28,"AUG=0.1, ADV=0.001",STD,65.8,1.3862,67.5,1.0141,65.75,1.0571,66.35,3.4574,0.6,0.8001
29,"AUG=0.1, ADV=0.001",MIT,60.4167,1.3395,57.8333,2.1643,57.5,1.5307,58.5833,5.0345,1.0833,1.1679
30,"AUG=0.1, ADV=0.005",STD,80.65,1.8016,83.3,1.47,82.05,1.2646,82.0,4.5363,1.35,0.9116
31,"AUG=0.1, ADV=0.005",MIT,60.3333,0.7607,60.5833,1.5545,65.8333,1.9251,62.25,4.2403,1.9167,1.1599
