,TS,ERR^CI,ERR^CI std,ERR^CJ,ERR^CJ std,ERR^CS,ERR^CS std,ERR,ERR std,W_ERR,W_ERR std,CIC,CIC std
0,NOAUG,24.0385,1.0914,18.8077,1.256,22.5,1.0496,21.7821,3.397,22.4021,3.397,2.9744,0.7137
1,"AUG, g=0.0001",24.4375,1.8735,18.8125,2.2556,19.4375,1.3269,20.8958,5.4561,19.6364,5.4561,2.0833,1.0668
2,"AUG, g=0.00019952623149688788",24.75,1.9656,17.5833,1.5104,19.25,1.9388,20.5278,5.4148,19.4242,5.4148,2.9444,1.3015
3,"AUG, g=0.00039810717055349735",25.5,1.2365,21.2143,1.2111,21.0,1.2277,22.5714,3.6753,21.2143,3.6753,1.5714,0.8159
4,"AUG, g=0.0007943282347242813",22.25,1.2374,19.75,1.591,19.25,2.6517,20.4167,5.4801,19.4091,5.4801,1.1667,0.9428
5,"AUG, g=0.001584893192461114",24.85,1.4991,20.1,1.3715,19.35,1.5187,21.4333,4.3893,19.6341,4.3893,2.0833,0.9569
6,"AUG, g=0.0031622776601683794",21.25,1.2374,17.5,2.4749,18.0,4.5962,18.9167,8.3085,18.125,8.3085,1.4167,1.9445
7,"AUG, g=0.00630957344480193",27.5625,1.6099,20.8125,1.4829,20.75,1.3148,23.0417,4.4077,21.0625,4.4077,2.2917,1.0309
8,"AUG, g=0.012589254117941675",28.0,0.0,19.0,0.0,18.0,0.0,21.6667,0.0,18.5,0.0,3.6667,0.0
9,"AUG, g=0.025118864315095794",24.25,1.7108,20.25,2.3807,22.125,1.7401,22.2083,5.8316,22.1364,5.8316,1.9583,1.1503
10,"AUG, g=0.0501187233627272",25.0,0.0,18.5,0.0,21.5,0.0,21.6667,0.0,21.5227,0.0,3.1667,0.0
11,"AUG, g=0.1",24.5,1.6386,18.25,1.0839,24.125,1.7644,22.2917,4.4868,23.875,4.4868,4.0417,1.1343
