,TestSet,Mitigation,ERR^LC,ERR^LC std,ERR^LF,ERR^LF std,ERR^LT,ERR^LT std,ERR,ERR std,CIC,CIC std
0,NOAUG,STD,30.8,0.1206,26.1,0.1349,16.45,0.0631,24.45,0.3186,8.0,0.0852
1,NOAUG,MIT gamma=517.95,23.2,0.0786,27.2,0.09,14.7,0.058,21.7,0.2266,7.0,0.0562
2,ADV=0.0005,STD,43.9,0.1357,38.95,0.1042,24.85,0.101,35.9,0.3409,11.05,0.08
3,ADV=0.0005,MIT gamma=10.00,35.8,0.3296,31.6,0.1084,18.0,0.0238,28.4667,0.4618,10.4667,0.146
4,ADV=0.001,STD,53.9,0.1474,49.0,0.09,33.25,0.1363,45.3833,0.3738,12.1333,0.0792
5,ADV=0.001,MIT gamma=10.00,43.1,0.207,37.3,0.0768,24.2,0.037,34.8667,0.3208,10.6667,0.0946
6,ADV=0.005,STD,79.6,0.0369,73.75,0.1224,64.45,0.2356,72.6,0.395,8.15,0.0531
7,ADV=0.005,MIT gamma=268.27,70.5,0.2225,55.25,0.2206,45.25,0.0381,57.0,0.4812,11.75,0.1477
8,AUG=0.01,STD,36.85,0.0825,36.2,0.3544,29.75,0.2533,34.2667,0.6902,4.5167,0.1456
9,AUG=0.01,MIT gamma=10.00,34.3,0.179,33.1,0.3164,26.4,0.078,31.2667,0.5734,4.8667,0.1651
10,AUG=0.05,STD,43.85,1.2415,44.4,1.0473,43.1,0.9552,43.7833,3.244,0.6833,0.7629
11,AUG=0.05,MIT gamma=5.18,41.3,1.201,45.5,1.3862,40.2,1.363,42.3333,3.9502,2.1333,0.8624
12,AUG=0.1,STD,46.25,1.6129,48.15,1.207,45.05,1.5261,46.4833,4.3461,1.4333,0.94
13,AUG=0.1,MIT gamma=0.19,48.75,1.1303,47.25,1.2715,43.8125,0.9373,46.6042,3.3391,2.7917,0.8006
14,"AUG=0.01, ADV=0.0005",STD,58.2,0.1596,56.9,0.4197,47.25,0.1704,54.1167,0.7497,6.8667,0.1931
15,"AUG=0.01, ADV=0.0005",MIT gamma=0.37,40.5,0.0,48.0,0.0,38.5,0.0,42.3333,0.0,3.8333,0.0
16,"AUG=0.01, ADV=0.001",STD,69.2,0.1653,71.0,0.2736,61.85,0.2895,67.35,0.7284,5.5,0.1463
17,"AUG=0.01, ADV=0.001",MIT gamma=10.00,56.9,0.5112,57.1,0.2182,50.8,0.126,54.9333,0.8554,4.1333,0.2431
18,"AUG=0.01, ADV=0.005",STD,90.85,0.0515,89.25,0.0943,88.6,0.0598,89.5667,0.2056,0.9667,0.0486
19,"AUG=0.01, ADV=0.005",MIT gamma=517.95,81.8,0.1468,71.8,0.4666,69.0,0.0748,74.2,0.6882,5.2,0.2045
20,"AUG=0.05, ADV=0.0005",STD,69.75,0.3544,66.8,0.4975,67.05,0.2751,67.8667,1.127,1.0667,0.2098
21,"AUG=0.05, ADV=0.0005",MIT gamma=10.00,55.4,0.828,56.2,0.5266,51.9,0.2914,54.5,1.646,2.6,0.4515
22,"AUG=0.05, ADV=0.001",STD,76.85,0.231,75.9,0.2385,74.05,0.1682,75.6,0.6377,1.55,0.1565
23,"AUG=0.05, ADV=0.001",MIT gamma=5.18,64.2,1.0946,59.4,0.9004,55.8,1.167,59.8,3.162,4.0,0.665
24,"AUG=0.05, ADV=0.005",STD,78.55,0.8057,79.75,0.7619,80.8,0.5768,79.7,2.1444,1.15,0.4462
25,"AUG=0.05, ADV=0.005",MIT gamma=0.37,68.5,0.0,67.5,0.0,67.5,0.0,67.8333,0.0,0.3333,0.0
26,"AUG=0.1, ADV=0.0005",STD,69.0,0.2335,71.7,0.4692,70.35,0.3925,70.35,1.0953,1.35,0.2873
27,"AUG=0.1, ADV=0.0005",MIT gamma=0.19,53.6875,1.2992,57.9375,1.5682,52.6875,1.6542,54.7708,4.5216,2.0833,0.9558
28,"AUG=0.1, ADV=0.001",STD,75.45,0.2336,76.55,0.1066,74.05,0.1231,75.35,0.4634,1.3,0.1134
29,"AUG=0.1, ADV=0.001",MIT gamma=0.72,50.5,0.0,50.5,0.0,58.0,0.0,53.0,0.0,2.5,0.0
30,"AUG=0.1, ADV=0.005",STD,76.75,1.0734,76.65,1.3356,75.95,1.0796,76.45,3.4887,0.5,0.803
31,"AUG=0.1, ADV=0.005",MIT gamma=0.37,65.5,0.0,62.0,0.0,59.5,0.0,62.3333,0.0,2.8333,0.0
