,TestSet,Mitigation,ERR^LC,ERR^LC std,ERR^LF,ERR^LF std,ERR^LT,ERR^LT std,ERR,ERR std,CIC,CIC std
0,NOAUG,STD,22.15,0.2171,25.6,0.131,37.8,0.3506,28.5167,0.6987,6.3667,0.1605
1,AUG=0.01,STD,33.0,0.337,37.45,0.3461,42.75,0.4854,37.7333,1.1686,4.7333,0.2772
2,AUG=0.05,STD,42.1,1.027,46.2,1.3735,47.15,1.3946,45.15,3.7951,3.05,0.9227
3,AUG=0.1,STD,44.95,1.7822,47.0,2.0792,49.25,1.8719,47.0667,5.7334,2.1167,1.317
4,ADV=0.0005,STD,35.05,0.3706,38.75,0.3133,50.35,0.5106,41.3833,1.1946,6.3333,0.2747
5,ADV=0.0005,MIT g=0.100 and tau=0.1,23.375,0.0373,24.875,0.0836,23.0,0.145,23.75,0.2659,0.75,0.0403
6,ADV=0.0005,MIT g=0.005 and tau=0.3,24.0,0.0325,24.25,0.0781,25.75,0.0406,24.6667,0.1513,0.6667,0.0396
7,ADV=0.0005,MIT g=0.005 and tau=0.5,24.0,0.0325,24.25,0.0781,25.75,0.0406,24.6667,0.1513,0.6667,0.0396
8,ADV=0.001,STD,44.45,0.3717,48.5,0.364,58.95,0.5842,50.6333,1.32,6.1833,0.3161
9,ADV=0.001,MIT g=0.005 and tau=0.1,29.0,0.0512,26.75,0.0456,26.25,0.0231,27.3333,0.12,1.0833,0.0323
10,ADV=0.001,MIT g=0.005 and tau=0.3,29.0,0.0512,26.75,0.0456,26.25,0.0231,27.3333,0.12,1.0833,0.0323
11,ADV=0.001,MIT g=0.005 and tau=0.5,29.0,0.0512,26.75,0.0456,26.25,0.0231,27.3333,0.12,1.0833,0.0323
12,ADV=0.005,STD,70.75,0.3739,72.75,0.2993,85.0,0.289,76.1667,0.9623,5.4167,0.1961
13,ADV=0.005,MIT g=0.022 and tau=0.1,58.5,0.1994,35.3333,0.0656,26.3333,0.0389,40.0556,0.3039,13.7222,0.0883
14,ADV=0.005,MIT g=0.005 and tau=0.3,59.0,0.0312,35.75,0.0381,28.0,0.0563,40.9167,0.1256,12.9167,0.0231
15,ADV=0.005,MIT g=0.005 and tau=0.5,59.0,0.0312,35.75,0.0381,28.0,0.0563,40.9167,0.1256,12.9167,0.0231
16,"AUG=0.01, ADV=0.0005",STD,53.8,0.5061,59.6,0.4499,62.65,0.71,58.6833,1.666,4.8833,0.3866
17,"AUG=0.01, ADV=0.001",STD,65.25,0.3868,70.9,0.2464,74.95,0.4091,70.3667,1.0423,5.1167,0.2185
18,"AUG=0.01, ADV=0.005",STD,87.2,0.1211,89.25,0.1291,92.3,0.1283,89.5833,0.3785,2.3833,0.0858
19,"AUG=0.05, ADV=0.0005",STD,64.3,0.4656,65.5,0.4975,67.7,0.3691,65.8333,1.3322,1.5333,0.2889
20,"AUG=0.05, ADV=0.001",STD,69.3,0.5801,71.1,0.5697,71.05,0.5149,70.4833,1.6647,1.1833,0.3615
21,"AUG=0.05, ADV=0.005",STD,78.9,1.1827,78.0,1.0906,80.25,1.1899,79.05,3.4632,1.05,0.7909
22,"AUG=0.1, ADV=0.0005",STD,65.55,0.9914,67.1,0.8616,67.15,0.8186,66.6,2.6717,1.05,0.5601
23,"AUG=0.1, ADV=0.001",STD,67.2,0.6633,67.95,1.0862,69.5,1.0073,68.2167,2.7568,1.0167,0.6978
24,"AUG=0.1, ADV=0.005",STD,73.85,2.0536,76.15,1.7595,74.6,2.0534,74.8667,5.8666,1.0167,1.271
