,TestSet,Mitigation,ERR^LC,ERR^LC std,ERR^LF,ERR^LF std,ERR^LT,ERR^LT std,ERR,ERR std,CIC,CIC std
0,NOAUG,STD,25.3,0.095,24.9,0.0814,15.15,0.0685,21.7833,0.245,6.6333,0.0588
1,AUG=0.01,STD,35.75,0.2678,34.5,0.1885,29.4,0.0814,33.2167,0.5378,3.8167,0.1521
2,AUG=0.05,STD,46.25,2.7234,47.0,3.0311,46.65,2.3026,46.6333,8.0571,0.3833,1.7779
3,AUG=0.1,STD,49.95,3.8062,47.65,3.898,50.35,3.3361,49.3167,11.0404,1.6667,2.3808
4,ADV=0.0005,STD,38.95,0.1377,37.5,0.1732,22.3,0.1038,32.9167,0.4148,10.6167,0.1036
5,ADV=0.0005,MIT g=0.046 and tau=0.1,35.1667,0.0936,29.9167,0.127,20.0833,0.092,28.3889,0.3126,8.3056,0.0735
6,ADV=0.0005,MIT g=0.003 and tau=0.3,34.25,0.0056,31.5,0.1263,20.5,0.0925,28.75,0.2244,8.25,0.044
7,ADV=0.0005,MIT g=0.003 and tau=0.5,34.25,0.0056,31.5,0.1263,20.5,0.0925,28.75,0.2244,8.25,0.044
8,ADV=0.001,STD,48.45,0.1612,46.45,0.1831,29.7,0.1111,41.5333,0.4554,11.8333,0.1148
9,ADV=0.001,MIT g=0.003 and tau=0.1,41.25,0.0506,37.0,0.085,25.75,0.2081,34.6667,0.3437,8.9167,0.0452
10,ADV=0.001,MIT g=0.003 and tau=0.3,41.25,0.0506,37.0,0.085,25.75,0.2081,34.6667,0.3437,8.9167,0.0452
11,ADV=0.001,MIT g=0.003 and tau=0.5,41.25,0.0506,37.0,0.085,25.75,0.2081,34.6667,0.3437,8.9167,0.0452
12,ADV=0.005,STD,76.95,0.1142,72.45,0.1836,62.8,0.0615,70.7333,0.3594,7.9333,0.0993
13,ADV=0.005,MIT g=0.100 and tau=0.1,71.0,0.2425,52.25,0.0606,44.75,0.0156,56.0,0.3188,11.25,0.101
14,ADV=0.005,MIT g=0.015 and tau=0.3,65.3,0.1836,56.8,0.241,47.4,0.2022,56.5,0.6268,9.1,0.1415
15,ADV=0.005,MIT g=0.003 and tau=0.5,71.25,0.0406,55.5,0.0762,49.75,0.1731,58.8333,0.29,9.0833,0.039
16,"AUG=0.01, ADV=0.0005",STD,56.6,0.2602,57.2,0.372,49.35,0.1518,54.3833,0.784,5.0333,0.2107
17,"AUG=0.01, ADV=0.001",STD,67.5,0.2067,70.35,0.3816,62.3,0.1281,66.7167,0.7164,4.4167,0.1961
18,"AUG=0.01, ADV=0.005",STD,89.6,0.0578,88.8,0.0965,88.0,0.0293,88.8,0.1836,0.8,0.0514
19,"AUG=0.05, ADV=0.0005",STD,57.7,2.2386,59.15,2.1911,57.65,2.2996,58.1667,6.7294,0.5167,1.4766
20,"AUG=0.05, ADV=0.001",STD,65.45,1.8331,67.55,2.0724,64.85,1.6013,65.95,5.5069,1.1,1.3018
21,"AUG=0.05, ADV=0.005",STD,74.85,2.0631,73.4,2.2545,76.9,2.0892,75.05,6.4068,1.65,1.3841
22,"AUG=0.1, ADV=0.0005",STD,57.7,3.0373,58.3,2.6838,57.0,2.6972,57.6667,8.4182,0.6667,1.907
23,"AUG=0.1, ADV=0.001",STD,64.1,2.8376,63.45,3.0917,63.65,2.8325,63.7333,8.7619,0.2833,1.8901
24,"AUG=0.1, ADV=0.005",STD,67.85,3.3171,67.15,3.4743,68.2,3.396,67.7333,10.1874,0.5833,2.2377
