,TestSet,Mitigation,ERR^LC,ERR^LC std,ERR^LF,ERR^LF std,ERR^LT,ERR^LT std,ERR,ERR std,CIC,CIC std
0,NOAUG,STD,18.55,0.0859,25.85,0.2591,37.1,0.2857,27.1667,0.6307,8.6167,0.1816
1,AUG=0.01,STD,30.95,0.2211,38.3,0.5087,41.75,0.4268,37.0,1.1567,6.05,0.3119
2,AUG=0.05,STD,44.85,2.1535,48.4,1.8854,47.9,1.7875,47.05,5.8264,2.2,1.2243
3,AUG=0.1,STD,46.2,2.9163,48.75,2.5259,49.4,2.7389,48.1167,8.1811,1.9167,1.7549
4,ADV=0.0005,STD,28.55,0.2206,38.95,0.3117,50.05,0.3812,39.1833,0.9136,10.6333,0.231
5,ADV=0.0005,MIT g=0.001 and tau=0.1,22.0,0.0978,29.6667,0.1022,30.0,0.1483,27.2222,0.3483,5.2222,0.0835
6,ADV=0.0005,MIT g=0.003 and tau=0.3,25.125,0.1011,27.75,0.3194,29.0,0.2134,27.2917,0.6339,2.1667,0.1776
7,ADV=0.0005,MIT g=0.003 and tau=0.5,25.125,0.1011,27.75,0.3194,29.0,0.2134,27.2917,0.6339,2.1667,0.1776
8,ADV=0.001,STD,36.95,0.3076,47.5,0.379,59.5,0.3747,47.9833,1.0614,11.0333,0.2513
9,ADV=0.001,MIT g=0.001 and tau=0.1,29.0,0.1311,30.6667,0.1278,31.3333,0.1306,30.3333,0.3894,1.3333,0.0861
10,ADV=0.001,MIT g=0.003 and tau=0.3,32.0,0.0975,30.875,0.4342,29.625,0.2198,30.8333,0.7516,1.2083,0.1772
11,ADV=0.001,MIT g=0.068 and tau=0.5,31.75,0.0406,30.625,0.2642,31.75,0.3006,31.375,0.6055,0.75,0.1138
12,ADV=0.005,STD,66.6,0.3486,69.45,0.2842,83.6,0.1739,73.2167,0.8068,6.6167,0.1527
13,ADV=0.005,MIT g=0.022 and tau=0.1,58.6667,0.0456,37.8333,0.1489,30.6667,0.5889,42.3889,0.7833,11.7222,0.0648
14,ADV=0.005,MIT g=0.005 and tau=0.3,61.75,0.1172,39.625,0.2761,35.5,0.0688,45.625,0.462,10.125,0.1311
15,ADV=0.005,MIT g=0.005 and tau=0.5,61.75,0.1172,39.625,0.2761,35.5,0.0688,45.625,0.462,10.125,0.1311
16,"AUG=0.01, ADV=0.0005",STD,51.05,0.2336,60.15,0.382,64.35,0.2795,58.5167,0.8952,7.4667,0.2205
17,"AUG=0.01, ADV=0.001",STD,63.4,0.1617,71.4,0.2333,74.35,0.2975,69.7167,0.6924,6.3167,0.1769
18,"AUG=0.01, ADV=0.005",STD,84.8,0.1416,89.7,0.104,93.25,0.0878,89.25,0.3334,4.45,0.0639
19,"AUG=0.05, ADV=0.0005",STD,62.1,1.7252,64.15,1.8156,65.8,1.4133,64.0167,4.954,1.9167,1.0763
20,"AUG=0.05, ADV=0.001",STD,66.75,1.4799,69.55,2.0877,69.95,1.3811,68.75,4.9488,2.0,1.1563
21,"AUG=0.05, ADV=0.005",STD,77.3,1.9098,79.55,1.5149,79.25,1.4728,78.7,4.8975,1.4,0.9959
22,"AUG=0.1, ADV=0.0005",STD,63.7,1.7156,64.5,2.1138,65.15,1.8935,64.45,5.7229,0.75,1.3358
23,"AUG=0.1, ADV=0.001",STD,64.5,2.3342,65.4,2.5204,65.55,2.2711,65.15,7.1257,0.65,1.5972
24,"AUG=0.1, ADV=0.005",STD,72.3,1.6241,72.75,1.2428,71.1,1.6712,72.05,4.5382,0.95,0.9556
