,TestSet,Mitigation,ERR^CI,ERR^CI std,ERR^CJ,ERR^CJ std,ERR^CS,ERR^CS std,ERR,ERR std,CIC,CIC std
0,NOAUG,STD,37.0556,0.4569,36.2222,0.2602,38.6667,0.176,37.3148,0.8932,1.0926,0.211
1,NOAUG,MIT g=0.001,28.0,0.1525,20.0,0.305,32.0,0.0125,26.6667,0.47,6.6667,0.055
2,AUG=0.01,STD,45.6667,0.1322,41.5,0.1316,46.0556,0.2078,44.4074,0.4716,2.9074,0.1133
3,AUG=0.01,MIT g=0.010,36.7,0.195,29.0,0.2678,39.3,0.1218,35.0,0.5846,6.0,0.1056
4,AUG=0.05,STD,47.5,0.894,47.6667,0.8653,47.6111,1.0605,47.5926,2.8198,0.0926,0.6419
5,AUG=0.05,MIT g=0.100,45.1667,1.0189,43.1667,0.1811,47.8333,0.9589,45.3889,2.1589,2.2222,0.6593
6,AUG=0.1,STD,48.3889,1.9123,49.5556,1.6638,47.6667,2.3556,48.537,5.9316,0.8704,1.192
7,AUG=0.1,MIT g=0.010,47.0,1.5188,49.7,0.866,47.1,0.8004,47.9333,3.1852,0.9333,0.5555
8,ADV=0.0005,STD,57.7778,0.3864,56.2778,0.2936,63.7222,0.2281,59.2593,0.9081,2.9815,0.2048
9,ADV=0.0005,MIT g=0.001,39.75,0.0956,21.5,0.2912,33.25,0.0231,31.5,0.41,10.0,0.0396
10,ADV=0.001,STD,71.8333,0.382,69.9444,0.3201,77.9444,0.199,73.2407,0.9011,3.2963,0.1937
11,ADV=0.001,MIT g=0.001,50.25,0.1156,24.0,0.2912,34.0,0.0125,36.0833,0.4194,12.0833,0.0427
12,ADV=0.005,STD,95.6667,0.0522,94.1111,0.068,96.7778,0.0151,95.5185,0.1353,1.4074,0.0224
13,ADV=0.005,MIT g=0.001,81.0,0.13,27.5,0.125,39.5,0.16,49.3333,0.415,21.8333,0.0967
14,"AUG=0.01, ADV=0.0005",STD,66.2222,0.1825,60.5,0.0789,69.0,0.2601,65.2407,0.5215,4.7407,0.1475
15,"AUG=0.01, ADV=0.0005",MIT g=0.001,53.25,0.4906,31.0,0.25,39.5,0.1062,41.25,0.8469,10.25,0.199
16,"AUG=0.01, ADV=0.001",STD,79.7222,0.1243,75.2222,0.1228,82.6111,0.1449,79.1852,0.392,3.963,0.0897
17,"AUG=0.01, ADV=0.001",MIT g=0.001,62.5,0.1562,37.5,0.1525,38.0,0.0063,46.0,0.315,8.5,0.0542
18,"AUG=0.01, ADV=0.005",STD,96.8333,0.0153,94.7778,0.0773,96.3333,0.014,95.9815,0.1066,1.2037,0.0098
19,"AUG=0.01, ADV=0.005",MIT g=0.001,88.25,0.1156,43.5,0.2,43.75,0.2331,58.5,0.5488,15.0,0.1163
20,"AUG=0.05, ADV=0.0005",STD,72.8889,0.7099,68.8333,0.4372,70.2222,0.6636,70.6481,1.8107,1.8148,0.4579
21,"AUG=0.05, ADV=0.0005",MIT g=0.022,52.1667,0.5901,44.25,0.9634,47.1667,1.1206,47.8611,2.6741,3.6111,0.5702
22,"AUG=0.05, ADV=0.001",STD,75.8889,0.641,73.9444,0.5951,76.1111,0.7999,75.3148,2.036,1.3704,0.4803
23,"AUG=0.05, ADV=0.001",MIT g=0.015,56.2,0.543,42.4,1.094,43.5,1.4238,47.3667,3.0608,4.9667,0.6556
24,"AUG=0.05, ADV=0.005",STD,87.6667,0.9294,86.2778,0.7209,87.6667,0.6425,87.2037,2.2928,0.9259,0.524
25,"AUG=0.05, ADV=0.005",MIT g=0.010,69.5,0.5988,49.2,0.381,49.8,0.665,56.1667,1.6448,6.9667,0.4213
26,"AUG=0.1, ADV=0.0005",STD,69.1667,1.1101,70.0,0.9729,68.9444,1.1685,69.3704,3.2515,0.4259,0.6943
27,"AUG=0.1, ADV=0.0005",MIT g=0.022,50.6667,0.8464,48.25,1.2723,48.9167,1.852,49.2778,3.9707,1.0278,0.8995
28,"AUG=0.1, ADV=0.001",STD,71.5556,1.6854,72.3333,1.2964,70.6667,1.35,71.5185,4.3319,0.8519,0.994
29,"AUG=0.1, ADV=0.001",MIT g=0.015,54.3,0.779,45.6,1.495,45.2,1.8158,48.3667,4.0898,3.1667,0.758
30,"AUG=0.1, ADV=0.005",STD,80.8889,1.5249,81.1667,1.5699,82.7778,1.4014,81.6111,4.4962,0.7222,0.9904
31,"AUG=0.1, ADV=0.005",MIT g=0.010,61.4,1.714,48.0,0.3842,48.3,1.454,52.5667,3.5522,4.5667,1.056
