,TestSet,Mitigation,ERR^CI,ERR^CI std,ERR^CJ,ERR^CJ std,ERR^CS,ERR^CS std,ERR,ERR std,CIC,CIC std
0,NOAUG,STD,38.1667,0.2344,38.3333,0.1761,41.6667,0.159,39.3889,0.5696,1.2222,0.1117
1,AUG=0.01,STD,42.7778,0.1945,42.0556,0.2656,46.3889,0.234,43.7407,0.6941,1.6852,0.1428
2,AUG=0.05,STD,48.1667,0.6367,45.7778,1.0119,49.0,0.9364,47.6481,2.585,1.8704,0.5244
3,AUG=0.1,STD,47.6111,1.3172,47.4444,1.543,49.3889,1.4523,48.1481,4.3125,0.7037,0.9231
4,ADV=0.0005,STD,59.1667,0.2277,61.5556,0.3077,68.1111,0.2128,62.9444,0.7482,3.7778,0.1735
5,ADV=0.0005,MIT g=0.002 and tau=0.1,41.75,0.3306,21.5,0.065,44.75,0.0081,36.0,0.4038,14.5,0.1129
6,ADV=0.0005,MIT g=0.001 and tau=0.3,38.0,0.0562,24.25,0.0406,46.25,0.1131,36.1667,0.21,11.9167,0.0565
7,ADV=0.0005,MIT g=0.003 and tau=0.5,38.25,0.0306,25.75,0.0381,47.0,0.0463,37.0,0.115,11.25,0.0256
8,ADV=0.001,STD,73.8889,0.1605,75.8333,0.1861,80.7778,0.121,76.8333,0.4676,2.9444,0.1024
9,ADV=0.001,MIT g=0.002 and tau=0.1,52.5,0.1325,24.75,0.0406,55.5,0.0663,44.25,0.2394,19.5,0.0663
10,ADV=0.001,MIT g=0.001 and tau=0.3,46.75,0.1131,29.5,0.0462,57.75,0.1156,44.6667,0.275,15.1667,0.0763
11,ADV=0.001,MIT g=0.001 and tau=0.5,46.75,0.1131,29.5,0.0462,57.75,0.1156,44.6667,0.275,15.1667,0.0763
12,ADV=0.005,STD,96.6667,0.022,95.0556,0.0245,97.9444,0.0143,96.5556,0.0608,1.5,0.0121
13,ADV=0.005,MIT g=0.002 and tau=0.1,86.5,0.0112,39.75,0.1381,77.0,0.0163,67.75,0.1656,28.0,0.0092
14,ADV=0.005,MIT g=0.010 and tau=0.3,81.8,0.1046,46.4,0.2,79.7,0.0848,69.3,0.3894,22.9,0.0631
15,ADV=0.005,MIT g=0.001 and tau=0.5,82.25,0.2431,48.0,0.0913,81.0,0.0625,70.4167,0.3969,22.4167,0.1019
16,"AUG=0.01, ADV=0.0005",STD,67.9444,0.1982,63.1111,0.1584,73.7222,0.1014,68.2593,0.458,5.1481,0.0999
17,"AUG=0.01, ADV=0.001",STD,80.0556,0.1101,75.6667,0.196,84.3333,0.0727,80.0185,0.3789,4.3519,0.0609
18,"AUG=0.01, ADV=0.005",STD,97.4444,0.0095,94.9444,0.0301,97.5556,0.0062,96.6481,0.0457,1.7037,0.0052
19,"AUG=0.05, ADV=0.0005",STD,73.3889,0.1633,73.5556,0.1471,76.1667,0.1875,74.3704,0.4979,0.9815,0.1115
20,"AUG=0.05, ADV=0.001",STD,79.7222,0.2843,77.2778,0.2803,83.2222,0.318,80.0741,0.8827,2.7963,0.2008
21,"AUG=0.05, ADV=0.005",STD,82.1111,1.1649,83.5,0.8889,84.5,0.8809,83.3704,2.9347,1.2593,0.5899
22,"AUG=0.1, ADV=0.0005",STD,75.2778,0.1025,76.7222,0.1403,77.8333,0.1253,76.6111,0.3681,1.3333,0.0885
23,"AUG=0.1, ADV=0.001",STD,78.3889,0.5291,77.1111,0.6977,79.9444,0.3479,78.4815,1.5748,1.3704,0.2923
24,"AUG=0.1, ADV=0.005",STD,77.2778,2.0864,79.0,1.7078,80.6111,1.6477,78.963,5.4419,1.6852,1.1185
