,TS,ERR^LC,ERR^LC std,ERR^LF,ERR^LF std,ERR^LT,ERR^LT std,ERR,ERR std,W_ERR,W_ERR std,CIC,CIC std
0,NOAUG,20.4048,0.1201,9.5476,0.0709,29.6429,0.2397,19.8651,0.4307,10.9545,0.4307,10.3175,0.1199
1,"AUG, g=0.001",13.75,0.0231,9.5,0.0125,33.75,0.0856,19.0,0.1212,10.7955,0.1212,9.5,0.0362
2,"AUG, g=0.002",21.5,0.0213,10.75,0.0406,29.0,0.065,20.4167,0.1269,12.0682,0.1269,9.6667,0.0288
3,"AUG, g=0.005",18.0,0.2,9.3333,0.0306,28.8333,0.1689,18.7222,0.3994,10.6136,0.3994,9.3889,0.123
4,"AUG, g=0.01",15.9375,0.0921,9.375,0.0267,25.625,0.1848,16.9792,0.3037,10.4119,0.3037,7.6042,0.0923
5,"AUG, g=0.02",19.1667,0.1294,8.1667,0.0639,31.3333,0.3222,19.5556,0.5156,9.7197,0.5156,11.3889,0.1506
6,"AUG, g=0.05",18.25,0.2984,9.5,0.0405,32.9375,0.2932,20.2292,0.6322,10.9631,0.6322,10.7292,0.1972
7,"AUG, g=0.1",20.8125,0.2079,12.25,0.0584,34.5625,0.1975,22.5417,0.4637,13.6534,0.4637,10.2917,0.1351
8,"AUG, g=0.2",25.5,0.2688,15.7,0.115,36.2,0.4408,25.8,0.8246,17.0773,0.8246,10.1,0.2365
