,TestSet,Mitigation,ERR^LC,ERR^LC std,ERR^LF,ERR^LF std,ERR^LT,ERR^LT std,ERR,ERR std,CIC,CIC std
0,NOAUG,STD,25.7,0.0887,16.8,0.0978,33.5,0.2236,25.3333,0.4101,8.5333,0.1041
1,AUG=0.01,STD,35.65,0.1995,33.1,0.3295,37.9,0.4607,35.55,0.9898,2.45,0.2201
2,AUG=0.05,STD,42.45,1.0632,43.25,1.2643,46.8,1.1553,44.1667,3.4829,1.7167,0.8066
3,AUG=0.1,STD,44.9,1.7206,44.6,1.7562,46.2,1.8602,45.2333,5.3371,0.6333,1.1936
4,ADV=0.0005,STD,35.4,0.1484,27.7,0.1271,45.0,0.3442,36.0333,0.6197,8.3333,0.1642
5,ADV=0.0005,MIT g=0.022 and tau=0.1,35.3333,0.2289,22.0,0.0544,34.0,0.0878,30.4444,0.3711,8.4444,0.1056
6,ADV=0.0005,MIT g=0.022 and tau=0.3,35.3333,0.2289,22.0,0.0544,34.0,0.0878,30.4444,0.3711,8.4444,0.1056
7,ADV=0.0005,MIT g=0.022 and tau=0.5,35.3333,0.2289,22.0,0.0544,34.0,0.0878,30.4444,0.3711,8.4444,0.1056
8,ADV=0.001,STD,43.25,0.2164,36.55,0.1781,54.5,0.3046,44.7667,0.6991,8.2167,0.1737
9,ADV=0.001,MIT g=0.100 and tau=0.1,39.625,0.138,29.5,0.0934,43.125,0.1992,37.4167,0.4306,7.9167,0.1124
10,ADV=0.001,MIT g=0.100 and tau=0.3,39.625,0.138,29.5,0.0934,43.125,0.1992,37.4167,0.4306,7.9167,0.1124
11,ADV=0.001,MIT g=0.100 and tau=0.5,39.625,0.138,29.5,0.0934,43.125,0.1992,37.4167,0.4306,7.9167,0.1124
12,ADV=0.005,STD,71.9,0.1247,66.0,0.1936,81.25,0.2693,73.05,0.5876,7.05,0.1313
13,ADV=0.005,MIT g=0.002 and tau=0.1,70.125,0.1567,45.375,0.208,58.75,0.5169,58.0833,0.8816,12.7083,0.2245
14,ADV=0.005,MIT g=0.068 and tau=0.3,70.75,0.0384,49.875,0.0411,57.0,0.1338,59.2083,0.2133,9.3333,0.0574
15,ADV=0.005,MIT g=0.100 and tau=0.5,66.125,0.1155,53.0,0.0425,59.625,0.2005,59.5833,0.3584,6.5833,0.1053
16,"AUG=0.01, ADV=0.0005",STD,53.15,0.2233,53.5,0.3726,59.6,0.401,55.4167,0.9969,2.2667,0.2578
17,"AUG=0.01, ADV=0.001",STD,65.35,0.1216,64.75,0.3894,69.95,0.3241,66.6833,0.8352,1.9333,0.1486
18,"AUG=0.01, ADV=0.005",STD,87.05,0.0961,88.25,0.0673,92.8,0.0547,89.3667,0.2182,2.3167,0.0407
19,"AUG=0.05, ADV=0.0005",STD,64.65,0.368,66.15,0.2628,67.25,0.4206,66.0167,1.0515,1.3667,0.2278
20,"AUG=0.05, ADV=0.001",STD,69.9,0.6337,70.0,0.5883,73.0,0.5528,70.9667,1.7748,1.0667,0.3804
21,"AUG=0.05, ADV=0.005",STD,77.85,0.3365,80.6,0.359,79.95,0.3202,79.4667,1.0158,1.6167,0.2264
22,"AUG=0.1, ADV=0.0005",STD,68.5,0.6317,66.6,0.7183,69.75,0.7808,68.2833,2.1308,1.6833,0.4708
23,"AUG=0.1, ADV=0.001",STD,69.8,0.9708,69.8,0.9408,70.8,1.0066,70.1333,2.9182,0.3333,0.6491
24,"AUG=0.1, ADV=0.005",STD,71.6,0.8407,74.3,0.8426,74.0,0.618,73.3,2.3012,1.7,0.4869
