,TestSet,Mitigation,ERR^CI,ERR^CI std,ERR^CJ,ERR^CJ std,ERR^CS,ERR^CS std,ERR,ERR std,CIC,CIC std
0,NOAUG,STD,33.7222,0.2634,19.3889,0.1727,47.8889,0.3749,33.6667,0.811,14.2778,0.2128
1,NOAUG,MIT gamma=0.100,26.0,0.04,12.0,0.0025,37.5,0.0163,25.1667,0.0587,13.1667,0.0187
2,ADV=0.0005,STD,52.5,0.3628,33.8333,0.3698,69.1667,0.1544,51.8333,0.887,18.0,0.1724
3,ADV=0.0005,MIT gamma=0.007,34.5,0.1094,13.0,0.0378,41.0,0.0994,29.5,0.2467,16.5,0.0696
4,ADV=0.001,STD,65.2222,0.4047,42.8333,0.45,81.7222,0.1186,63.2593,0.9733,20.4259,0.1744
5,ADV=0.001,MIT gamma=0.010,49.6,0.1282,16.3,0.0778,42.3,0.1116,36.0667,0.3176,19.7667,0.0799
6,ADV=0.005,STD,89.1667,0.111,73.6667,0.4338,97.2222,0.0092,86.6852,0.5541,13.0185,0.0401
7,ADV=0.005,MIT gamma=0.015,83.4,0.0954,21.0,0.027,41.7,0.88,48.7,1.0024,27.7,0.3251
8,AUG=0.01,STD,39.5556,0.444,28.7222,0.2058,48.6667,0.2194,38.9815,0.8692,10.2593,0.2211
9,AUG=0.01,MIT gamma=0.022,34.3333,0.0711,25.1667,0.1172,42.0,0.2028,33.8333,0.3911,8.6667,0.0913
10,AUG=0.05,STD,48.2222,0.8649,42.3333,0.831,49.0,0.9048,46.5185,2.6007,4.1852,0.5899
11,AUG=0.05,MIT gamma=0.022,46.3333,3.0611,44.5,0.0311,46.6667,0.5089,45.8333,3.6011,1.3333,1.19
12,AUG=0.1,STD,49.7222,2.563,47.1111,2.3373,50.0556,2.3695,48.963,7.2698,1.8519,1.6442
13,AUG=0.1,MIT gamma=0.022,50.3333,2.9556,49.0,0.0133,50.6667,0.7172,50.0,3.6861,1.0,1.2243
14,"AUG=0.01, ADV=0.0005",STD,59.5,0.4755,45.3889,0.2904,71.8333,0.2588,58.9074,1.0248,13.5185,0.2448
15,"AUG=0.01, ADV=0.0005",MIT gamma=0.003,51.0,0.1,26.25,0.0531,41.25,0.2556,39.5,0.4088,13.25,0.1185
16,"AUG=0.01, ADV=0.001",STD,71.1111,0.3899,58.3889,0.3566,83.7222,0.1538,71.0741,0.9003,12.6852,0.1812
17,"AUG=0.01, ADV=0.001",MIT gamma=0.015,60.5,0.201,31.1,0.0802,44.5,0.2182,45.3667,0.4994,14.2667,0.1397
18,"AUG=0.01, ADV=0.005",STD,92.3333,0.0992,82.9444,0.3391,97.6111,0.0164,90.963,0.4547,8.0185,0.0385
19,"AUG=0.01, ADV=0.005",MIT gamma=0.003,90.75,0.1406,37.75,0.0406,44.25,0.3481,57.5833,0.5294,19.8333,0.1629
20,"AUG=0.05, ADV=0.0005",STD,61.7222,0.5986,56.5,0.9714,63.2222,0.824,60.4815,2.394,3.9815,0.4742
21,"AUG=0.05, ADV=0.0005",MIT gamma=0.100,53.75,0.0106,44.0,0.0562,47.25,0.1056,48.3333,0.1725,4.3333,0.0388
22,"AUG=0.05, ADV=0.001",STD,66.8333,0.4973,63.2778,1.068,68.9444,0.6475,66.3519,2.2128,3.0741,0.3816
23,"AUG=0.05, ADV=0.001",MIT gamma=0.022,60.1667,3.1306,44.5,0.0844,47.8333,0.5372,50.8333,3.7522,6.3333,1.2226
24,"AUG=0.05, ADV=0.005",STD,75.3889,1.173,71.2778,0.9315,73.9444,1.1269,73.537,3.2315,2.2593,0.7666
25,"AUG=0.05, ADV=0.005",MIT gamma=0.007,69.5,2.0911,49.1667,0.4061,49.3333,1.2156,56.0,3.7128,6.8333,1.1022
26,"AUG=0.1, ADV=0.0005",STD,59.7778,2.031,60.0,2.1011,60.1111,2.2988,59.963,6.4309,0.1852,1.4666
27,"AUG=0.1, ADV=0.0005",MIT gamma=0.007,52.0,3.0578,50.3333,1.0994,49.6667,2.4356,50.6667,6.5928,1.0,1.3857
28,"AUG=0.1, ADV=0.001",STD,63.2222,2.0692,62.1111,2.1499,62.6667,2.2935,62.6667,6.5126,0.5556,1.4542
29,"AUG=0.1, ADV=0.001",MIT gamma=0.002,53.75,4.7709,48.625,0.168,48.875,1.2767,50.4167,6.2156,1.7917,2.0159
30,"AUG=0.1, ADV=0.005",STD,64.7222,2.1988,65.6667,2.1822,64.1667,2.1294,64.8519,6.5103,0.6852,1.4603
31,"AUG=0.1, ADV=0.005",MIT gamma=0.010,62.0,1.496,49.8,1.2878,51.1,2.803,54.3,5.5868,4.5,1.433
