,TS,ERR^CI,ERR^CI std,ERR^CJ,ERR^CJ std,ERR^CS,ERR^CS std,ERR,ERR std,W_ERR,W_ERR std,CIC,CIC std
0,NOAUG,22.3421,1.059,21.2105,1.1149,21.0526,1.0666,21.5351,3.2405,21.1184,3.2405,0.4825,0.7246
1,"AUG, g=0.0001",20.8182,1.2273,19.3182,1.2151,20.5455,1.3497,20.2273,3.7921,20.5021,3.7921,0.9091,0.859
2,"AUG, g=0.0002",24.3125,1.1,19.0625,1.4893,21.25,1.5172,21.5417,4.1066,21.2898,4.1066,2.4792,0.8724
3,"AUG, g=0.0005",23.375,1.7011,19.9375,1.6932,21.0625,1.9008,21.4583,5.2951,21.1165,5.2951,1.5208,1.2006
4,"AUG, g=0.001",23.7778,1.4517,19.3889,1.5469,20.5556,1.242,21.2407,4.2405,20.649,4.2405,1.8519,0.8979
5,"AUG, g=0.002",21.6111,1.6965,20.0,1.4471,20.1111,1.5845,20.5741,4.7281,20.1742,4.7281,0.5741,1.0937
6,"AUG, g=0.005",22.5,1.0743,20.3667,1.7683,19.4,1.1486,20.7556,3.9912,19.5848,3.9912,1.3556,0.9475
7,"AUG, g=0.01",23.2647,1.3393,19.6471,1.6167,20.1176,0.9752,21.0098,3.9312,20.2393,3.9312,1.3627,0.7715
8,"AUG, g=0.02",24.3571,1.3455,18.7857,1.2668,23.9643,1.3781,22.369,3.9905,23.7468,3.9905,3.5833,0.9079
9,"AUG, g=0.05",24.1,1.1525,19.8,1.214,22.7333,1.2962,22.2111,3.6628,22.6621,3.6628,2.4111,0.8162
10,"AUG, g=0.1",26.125,1.805,19.1875,1.6877,25.25,2.0069,23.5208,5.4995,25.0142,5.4995,4.3333,1.2706
11,"AUG, g=0.2",26.3333,1.9198,20.5,2.8416,28.8333,2.5512,25.2222,7.3125,28.3409,7.3125,4.7222,1.4903
