,TS,ERR^CI,ERR^CI std,ERR^CJ,ERR^CJ std,ERR^CS,ERR^CS std,ERR,ERR std,W_ERR,W_ERR std,CIC,CIC std
0,NOAUG,22.6765,1.1489,20.9706,1.2008,21.2647,1.1388,21.6373,3.4885,21.3155,3.4885,0.6667,0.7626
1,"AUG, g=0.0001",20.6111,1.2948,19.0556,1.3779,20.0556,1.3859,19.9074,4.0586,20.0354,4.0586,0.8519,0.8936
2,"AUG, g=0.0002",24.6667,1.3097,19.5833,1.6279,22.0833,1.8009,22.1111,4.7385,22.0871,4.7385,2.5278,1.0369
3,"AUG, g=0.0005",22.4,2.0588,19.4,2.4917,20.7,2.3076,20.8333,6.8581,20.7182,6.8581,1.4333,1.4554
4,"AUG, g=0.001",24.2143,1.4395,19.1429,1.8574,20.3571,1.4227,21.2381,4.7195,20.4773,4.7195,2.0952,0.9541
5,"AUG, g=0.002",22.3571,2.0398,20.0,1.8356,19.7857,1.8131,20.7143,5.6885,19.9123,5.6885,0.9286,1.2918
6,"AUG, g=0.005",22.3846,1.1405,20.0769,1.9103,19.3077,1.1797,20.5897,4.2304,19.4825,4.2304,1.2821,1.0169
7,"AUG, g=0.01",23.2647,1.3393,19.6471,1.6167,20.1176,0.9752,21.0098,3.9312,20.2393,3.9312,1.3627,0.7715
8,"AUG, g=0.02",24.3571,1.3455,18.7857,1.2668,23.9643,1.3781,22.369,3.9905,23.7468,3.9905,3.5833,0.9079
9,"AUG, g=0.05",24.1,1.1525,19.8,1.214,22.7333,1.2962,22.2111,3.6628,22.6621,3.6628,2.4111,0.8162
10,"AUG, g=0.1",26.125,1.805,19.1875,1.6877,25.25,2.0069,23.5208,5.4995,25.0142,5.4995,4.3333,1.2706
11,"AUG, g=0.2",26.3333,1.9198,20.5,2.8416,28.8333,2.5512,25.2222,7.3125,28.3409,7.3125,4.7222,1.4903
