,TS,ERR^CI,ERR^CI std,ERR^CJ,ERR^CJ std,ERR^CS,ERR^CS std,ERR,ERR std,W_ERR,W_ERR std,CIC,CIC std
0,NOAUG,24.0357,1.4766,11.3929,0.7963,35.2857,2.2827,23.5714,4.5555,13.0536,4.5555,12.1786,1.2531
1,"AUG, g=0.0001",24.1667,1.8716,13.5,1.0193,30.7778,1.6845,22.8148,4.5754,14.7702,4.5754,9.3148,1.1854
2,"AUG, g=0.00019952623149688788",26.1667,3.6733,13.5,1.4778,36.6667,4.6088,25.4444,9.7598,15.1288,9.7598,11.9444,2.7607
3,"AUG, g=0.00039810717055349735",24.7778,2.2386,11.2778,0.7877,33.7778,2.3627,23.2778,5.389,12.9141,5.389,12.0,1.5338
4,"AUG, g=0.0007943282347242813",24.25,1.591,13.5,2.4749,36.75,8.3085,24.8333,12.3744,15.0455,12.3744,11.3333,3.2998
5,"AUG, g=0.001584893192461114",24.05,2.0887,11.3,0.949,35.05,3.2843,23.4667,6.322,12.9591,6.322,12.1667,1.791
6,"AUG, g=0.0031622776601683794",25.25,2.2981,12.75,0.8839,28.5,2.8284,22.1667,6.0104,14.0341,6.0104,9.4167,1.7088
7,"AUG, g=0.00630957344480193",24.9444,2.2929,12.8333,1.1939,35.6111,2.7958,24.463,6.2826,14.4192,6.2826,11.6296,1.6962
8,"AUG, g=0.012589254117941675",23.1667,1.0999,11.6667,1.1978,32.3333,3.2234,22.3889,5.5211,13.1288,5.5211,10.7222,1.4411
9,"AUG, g=0.025118864315095794",26.8125,3.2084,13.125,1.1782,34.5625,2.7597,24.8333,7.1463,14.7216,7.1463,11.7083,1.9894
10,"AUG, g=0.0501187233627272",24.5,0.0,13.0,0.0,31.5,0.0,23.0,0.0,14.3636,0.0,10.0,0.0
11,"AUG, g=0.1",24.3125,2.5776,14.0,1.6659,37.5625,3.5745,25.2917,7.818,15.5398,7.818,11.2917,2.0507
