,TestSet,Mitigation,ERR^CI,ERR^CI std,ERR^CJ,ERR^CJ std,ERR^CS,ERR^CS std,ERR,ERR std,CIC,CIC std
0,NOAUG,STD,34.5556,0.1028,20.1667,0.0933,46.8333,0.6975,33.8519,0.8937,13.6852,0.2668
1,AUG=0.01,STD,40.7222,0.1871,27.4444,0.171,49.8889,0.441,39.3519,0.7991,11.9074,0.2094
2,AUG=0.05,STD,46.9444,1.2514,43.9444,1.3321,49.6667,1.1225,46.8519,3.706,2.9074,0.7913
3,AUG=0.1,STD,49.7222,3.0206,48.1667,3.0567,49.2778,2.527,49.0556,8.6043,0.8889,1.8492
4,ADV=0.0005,STD,51.6667,0.0833,32.7778,0.1788,67.7222,0.4954,50.7222,0.7575,17.9444,0.1929
5,ADV=0.0005,MIT g=0.010 and tau=0.1,39.7,0.385,14.4,0.063,40.9,0.246,31.6667,0.694,17.2667,0.2103
6,ADV=0.0005,MIT g=0.015 and tau=0.3,38.7,0.2146,15.7,0.035,42.5,0.087,32.3,0.3366,16.6,0.1005
7,ADV=0.0005,MIT g=0.015 and tau=0.5,38.7,0.2146,15.7,0.035,42.5,0.087,32.3,0.3366,16.6,0.1005
8,ADV=0.001,STD,63.4444,0.134,41.2778,0.1867,81.0556,0.293,61.9259,0.6138,20.6481,0.1423
9,ADV=0.001,MIT g=0.010 and tau=0.1,48.8,0.279,15.2,0.0546,41.1,0.255,35.0333,0.5886,19.8333,0.178
10,ADV=0.001,MIT g=0.010 and tau=0.3,48.8,0.279,15.2,0.0546,41.1,0.255,35.0333,0.5886,19.8333,0.178
11,ADV=0.001,MIT g=0.022 and tau=0.5,49.6667,0.2406,17.1667,0.0189,43.0,0.2,36.6111,0.4594,19.4444,0.1469
12,ADV=0.005,STD,87.6111,0.146,75.6111,0.171,98.2222,0.0152,87.1481,0.3323,11.537,0.0538
13,ADV=0.005,MIT g=0.010 and tau=0.1,79.7,0.1986,20.3,0.1326,41.8,0.2006,47.2667,0.5318,26.9667,0.1331
14,ADV=0.005,MIT g=0.022 and tau=0.3,81.3333,0.1072,24.3333,0.0289,47.4167,0.4551,51.0278,0.5912,26.6944,0.1874
15,ADV=0.005,MIT g=0.022 and tau=0.5,81.3333,0.1072,24.3333,0.0289,47.4167,0.4551,51.0278,0.5912,26.6944,0.1874
16,"AUG=0.01, ADV=0.0005",STD,60.3333,0.195,43.6111,0.1819,71.0556,0.4752,58.3333,0.8522,14.7222,0.2234
17,"AUG=0.01, ADV=0.001",STD,74.0,0.142,58.2222,0.182,83.5,0.1856,71.9074,0.5095,13.6852,0.1092
18,"AUG=0.01, ADV=0.005",STD,92.5556,0.0715,85.6667,0.1109,98.0,0.0227,92.0741,0.2051,6.4074,0.0314
19,"AUG=0.05, ADV=0.0005",STD,59.3333,1.0567,56.1667,1.3567,60.1667,1.1157,58.5556,3.529,2.3889,0.7241
20,"AUG=0.05, ADV=0.001",STD,66.7222,1.284,60.3889,1.1449,66.4444,1.2602,64.5185,3.6891,4.1296,0.8481
21,"AUG=0.05, ADV=0.005",STD,75.7222,1.6638,74.6667,1.3992,75.0556,1.5632,75.1481,4.6262,0.4815,1.0757
22,"AUG=0.1, ADV=0.0005",STD,55.1111,2.3882,55.4444,2.9323,56.8889,2.2966,55.8148,7.6171,0.7037,1.743
23,"AUG=0.1, ADV=0.001",STD,60.1111,2.6177,59.1667,2.985,61.6111,2.2971,60.2963,7.8998,1.1296,1.6383
24,"AUG=0.1, ADV=0.005",STD,64.9444,3.033,63.5556,3.5423,63.6667,3.4781,64.0556,10.0535,0.5,2.1704
